/*--------------------------------*- C++ -*----------------------------------*\
| =========                 |                                                 |
| \\      /  F ield         | OpenFOAM: The Open Source CFD Toolbox           |
|  \\    /   O peration     | Version:  dev                                   |
|   \\  /    A nd           | Web:      www.OpenFOAM.org                      |
|    \\/     M anipulation  |                                                 |
\*---------------------------------------------------------------------------*/
FoamFile
{
    version     2.0;
    format      ascii;
    class       volScalarField;
    location    "4";
    object      p;
}
// * * * * * * * * * * * * * * * * * * * * * * * * * * * * * * * * * * * * * //

dimensions      [0 2 -2 0 0 0 0];

internalField   nonuniform List<scalar> 
10000
(
24.381467
25.62304
25.680202
25.753855
25.83881
26.009359
26.252818
26.839262
27.497122
33.133688
25.623042
26.634976
26.552799
26.56741
26.613666
26.753406
26.955294
27.506301
28.130475
33.920501
25.680206
26.552802
26.405808
26.382062
26.402436
26.526252
26.714441
27.27265
27.906621
33.800676
25.753862
26.567416
26.382065
26.329596
26.330984
26.444454
26.628426
27.197452
27.852085
33.804173
25.838819
26.613673
26.40244
26.330986
26.321405
26.43084
26.6169
27.198829
27.873587
33.864811
26.009368
26.753413
26.526256
26.444455
26.430839
26.540439
26.730847
27.323408
28.014256
34.036365
26.252825
26.955299
26.714443
26.628425
26.616898
26.730845
26.928642
27.532066
28.242721
34.306184
26.839265
27.506304
27.272649
27.197449
27.198825
27.323403
27.532063
28.143226
28.864904
34.96544
27.497123
28.130474
27.906618
27.85208
27.873579
28.014249
28.242716
28.864901
29.632407
35.802934
33.133687
33.920499
33.800671
33.804166
33.864802
34.036356
34.306177
34.965435
35.802933
41.901049
24.971157
25.732233
25.801283
25.879923
25.968548
26.143804
26.394685
26.994704
27.634739
31.951502
25.732235
26.461025
26.436941
26.470788
26.528626
26.679536
26.896945
27.470134
28.081117
32.446538
25.801288
26.436944
26.362219
26.364306
26.40008
26.53766
26.743003
27.323041
27.935235
32.36921
25.87993
26.470794
26.364309
26.341239
26.360005
26.48819
26.68916
27.27797
27.904447
32.381386
25.968558
26.528633
26.400084
26.360007
26.36879
26.493246
26.69586
27.295926
27.938554
32.446404
26.143813
26.679543
26.537664
26.488191
26.493246
26.617868
26.824526
27.434277
28.090405
32.622677
26.394692
26.89695
26.743005
26.689159
26.695858
26.824524
27.038481
27.65893
28.333391
32.899227
26.994708
27.470137
27.32304
27.277967
27.295921
27.434272
27.658927
28.287645
28.973266
33.568383
27.63474
28.081117
27.935232
27.90444
27.938547
28.090398
28.333385
28.973264
29.70766
34.357324
31.951501
32.446536
32.369205
32.381378
32.446395
32.622668
32.89922
33.568378
34.357322
38.946233
25.420166
25.829876
25.898988
25.983124
26.075785
26.255892
26.510642
27.116196
27.695271
30.910794
25.829878
26.310834
26.328614
26.382609
26.452189
26.614177
26.842508
27.42862
27.974331
31.154411
25.898994
26.328618
26.311649
26.341317
26.393124
26.544704
26.762635
27.355166
27.893732
31.114672
25.983133
26.382615
26.34132
26.349939
26.387042
26.530356
26.743725
27.342802
27.888935
31.13835
26.075795
26.452196
26.393129
26.387044
26.41535
26.555332
26.769848
27.378388
27.936375
31.208795
26.255902
26.614184
26.544708
26.530358
26.555331
26.695481
26.913649
27.530744
28.099332
31.3899
26.51065
26.842514
26.762637
26.743724
26.769846
26.913647
27.138924
27.766395
28.351709
31.668864
27.1162
27.428623
27.355166
27.342799
27.378383
27.530739
27.766392
28.402471
28.998691
32.337435
27.695272
27.97433
27.893728
27.888929
27.936366
28.099324
28.351703
28.998688
29.644624
33.027792
30.910793
31.154408
31.114666
31.138342
31.208785
31.38989
31.668856
32.33743
33.02779
36.413987
25.643872
25.885158
25.94893
26.034028
26.129553
26.311596
26.564251
27.149938
27.661615
30.111672
25.88516
26.215323
26.254729
26.321069
26.399661
26.5683
26.79934
27.369459
27.839964
30.20769
25.948935
26.254733
26.271871
26.320243
26.384798
26.545444
26.76732
27.342852
27.800553
30.192918
26.034036
26.321076
26.320246
26.351387
26.403428
26.556895
26.774111
27.354236
27.814298
30.224456
26.129563
26.399669
26.384803
26.40343
26.447828
26.598364
26.816304
27.404267
27.872657
30.299776
26.311606
26.568308
26.545449
26.556897
26.598363
26.749068
26.970257
27.565679
28.04226
30.482805
26.564259
26.799345
26.767322
26.774111
26.816301
26.970255
27.198244
27.80354
28.295394
30.757623
27.149943
27.369461
27.342851
27.354232
27.404262
27.565674
27.803537
28.417466
28.920051
31.39922
27.661616
27.839963
27.800549
27.814291
27.872649
28.042252
28.295388
28.920048
29.471148
31.991733
30.111671
30.207687
30.192912
30.224447
30.299765
30.482794
30.757614
31.399215
31.991731
34.590695
25.753905
25.915035
25.973198
26.056437
26.153483
26.334243
26.579866
27.127177
27.575248
29.462603
25.915038
26.154141
26.203992
26.276658
26.36161
26.532516
26.759928
27.293364
27.694175
29.47728
25.973204
26.203996
26.240589
26.30043
26.374483
26.539313
26.758509
27.296098
27.680544
29.477655
26.056446
26.276665
26.300433
26.346452
26.410008
26.568665
26.783197
27.323734
27.706591
29.513628
26.153494
26.361619
26.374488
26.41001
26.467011
26.62312
26.838021
27.384965
27.773313
29.592616
26.334254
26.532524
26.539318
26.568667
26.623119
26.779395
26.997156
27.550554
27.945139
29.774323
26.579874
26.759934
26.758512
26.783197
26.838019
26.997154
27.221318
27.784004
28.192513
30.039873
27.127182
27.293367
27.296098
27.32373
27.384959
27.550548
27.784
28.355228
28.774483
30.63663
27.57525
27.694175
27.68054
27.706584
27.773304
27.945131
28.192506
28.77448
29.240115
31.144385
29.462602
29.477277
29.477649
29.513619
29.592605
29.774312
30.039864
30.636624
31.144383
33.181113
25.81849
25.933671
25.986883
26.067273
26.164608
26.34126
26.576197
27.075511
27.463245
28.912973
25.933674
26.111835
26.166077
26.241564
26.330585
26.500107
26.719454
27.205836
27.543214
28.881261
25.986889
26.16608
26.213404
26.280136
26.360871
26.525851
26.737786
27.227033
27.546014
28.890035
26.067283
26.241572
26.280139
26.33602
26.408083
26.567807
26.775145
27.265912
27.580365
28.928346
26.164619
26.330594
26.360876
26.408085
26.474601
26.632133
26.839542
27.335419
27.653107
29.009584
26.341271
26.500116
26.525856
26.567809
26.632133
26.789826
26.999729
27.501127
27.823496
29.187124
26.576205
26.71946
26.737789
26.775145
26.83954
26.999726
27.215596
27.725659
28.060753
29.439869
27.075516
27.205839
27.227032
27.265908
27.335413
27.501121
27.725656
28.244092
28.589993
29.983255
27.463246
27.543213
27.546009
27.580358
27.653098
27.823487
28.060746
28.58999
28.979927
30.416988
28.912973
28.881258
28.890029
28.928336
29.009573
29.187113
29.43986
29.98325
30.416986
32.015857
25.860567
25.946242
25.995192
26.072409
26.168869
26.33901
26.56045
27.007543
27.338575
28.44471
25.946244
26.080848
26.135743
26.211768
26.302773
26.467858
26.675881
27.110774
27.391195
28.387063
25.995198
26.135747
26.187956
26.258319
26.343157
26.504912
26.706251
27.142833
27.403981
28.399643
26.072418
26.211775
26.258322
26.320337
26.398109
26.555425
26.752293
27.189193
27.443711
28.438858
26.16888
26.302782
26.343163
26.398111
26.471245
26.62669
26.823383
27.264242
27.520221
28.52085
26.339021
26.467867
26.504917
26.555427
26.62669
26.782285
26.981134
27.426676
27.686105
28.691803
26.560459
26.675888
26.706254
26.752292
26.82338
26.981131
27.185494
27.639076
27.91012
28.929266
27.007549
27.110777
27.142832
27.189189
27.264236
27.42667
27.639072
28.100864
28.382835
29.416119
27.338577
27.391194
27.403977
27.443703
27.520211
27.686096
27.910113
28.382831
28.706316
29.784819
28.444709
28.38706
28.399637
28.438848
28.520838
28.691791
28.929257
29.416114
29.784817
31.03598
25.887857
25.954016
25.999374
26.073239
26.167724
26.329381
26.53526
26.929164
27.208154
28.046019
25.954018
26.056591
26.109784
26.184651
26.275741
26.433886
26.62823
27.010712
27.24111
27.975574
25.99938
26.109788
26.162852
26.234283
26.320865
26.476605
26.664952
27.048126
27.259278
27.988915
26.073249
26.184658
26.234287
26.299399
26.380284
26.532292
26.716349
27.098875
27.302014
28.027888
26.167736
26.275751
26.320871
26.380286
26.457329
26.607747
26.791434
27.176925
27.380173
28.109155
26.329393
26.433895
26.476611
26.532294
26.607747
26.758307
26.943845
27.333288
27.53904
28.271543
26.535269
26.628237
26.664955
26.716349
26.791432
26.943842
27.134435
27.531313
27.747656
28.492031
26.92917
27.010715
27.048125
27.098871
27.176919
27.333282
27.53131
27.936242
28.163612
28.922351
27.208156
27.24111
27.259274
27.302007
27.380163
27.53903
27.747649
28.163608
28.429841
29.234436
28.046019
27.975571
27.988909
28.027879
28.109143
28.271532
28.492022
28.922345
29.234433
30.210205
25.904247
25.957121
25.999447
26.069814
26.161318
26.312969
26.501924
26.843952
27.076172
27.705543
25.957124
26.03557
26.085653
26.158079
26.247591
26.396853
26.575953
26.907496
27.094786
27.630656
25.999453
26.085657
26.136899
26.207385
26.293635
26.441181
26.614938
26.946383
27.115133
27.642849
26.069824
26.158086
26.207389
26.273136
26.354822
26.499236
26.668932
26.998992
27.158955
27.680647
26.161329
26.2476
26.293641
26.354824
26.433347
26.576411
26.745591
27.077781
27.236859
27.759821
26.312981
26.396862
26.441187
26.499238
26.576411
26.719605
26.890368
27.225887
27.386763
27.912121
26.501933
26.57596
26.614942
26.668931
26.745588
26.890366
27.065744
27.408124
27.578653
28.114634
26.843957
26.907499
26.946383
26.998988
27.077775
27.225881
27.40812
27.758386
27.939968
28.490536
27.076174
27.094785
27.115129
27.158947
27.23685
27.386754
27.578646
27.939964
28.15767
28.753779
27.705542
27.630653
27.642843
27.680638
27.759809
27.912109
28.114624
28.49053
28.753777
29.511908
25.911815
25.955235
25.994916
26.061639
26.149286
26.289852
26.461167
26.754215
26.945093
27.413058
25.955238
26.015062
26.061256
26.130292
26.216824
26.355803
26.518796
26.80247
26.953117
27.338814
25.994922
26.061259
26.109002
26.177006
26.261172
26.398932
26.55721
26.840208
26.973497
27.348779
26.061648
26.130299
26.177009
26.241457
26.321971
26.457098
26.611581
26.892673
27.016891
27.384667
26.149297
26.216834
26.261177
26.321973
26.399887
26.533864
26.687731
26.97027
27.092912
27.46056
26.289863
26.355812
26.398938
26.4571
26.533864
26.667957
26.823181
27.108524
27.232454
27.601696
26.461176
26.518803
26.557213
26.611581
26.687729
26.823179
26.982602
27.274266
27.406988
27.78583
26.75422
26.802473
26.840207
26.892669
26.970264
27.108519
27.274262
27.573617
27.717311
28.110822
26.945095
26.953116
26.973492
27.016883
27.092903
27.232445
27.406981
27.717307
27.894337
28.332154
27.413058
27.338811
27.348773
27.384657
27.460549
27.601684
27.78582
28.110816
28.332151
28.918544
25.911428
25.9478
25.985061
26.047987
26.131036
26.259856
26.413374
26.661343
26.816198
27.159882
25.947802
25.992987
26.034917
26.099877
26.182298
26.310088
26.456694
26.696537
26.816374
27.08923
25.985067
26.034921
26.078192
26.14258
26.223248
26.350164
26.492658
26.731443
26.835411
27.096469
26.047997
26.099885
26.142584
26.204262
26.281989
26.406682
26.545676
26.782224
26.877214
27.129893
26.131048
26.182307
26.223253
26.281991
26.357573
26.481279
26.6196
26.857049
26.95002
27.201535
26.259868
26.310097
26.35017
26.406684
26.481279
26.605087
26.744576
26.984398
27.078301
27.330848
26.413383
26.456701
26.492662
26.545676
26.619598
26.744573
26.887872
27.133508
27.23541
27.496687
26.661349
26.69654
26.731443
26.78222
26.857043
26.984392
27.133505
27.386603
27.499271
27.775092
26.816199
26.816373
26.835406
26.877207
26.950011
27.078291
27.235402
27.499268
27.642474
27.96058
27.159882
27.089227
27.096462
27.129883
27.201524
27.330836
27.496677
27.775086
27.960577
28.411868
25.903296
25.934195
25.969133
26.028111
26.105969
26.222752
26.358778
26.566118
26.690002
26.938683
25.934198
25.967756
26.005312
26.065721
26.143156
26.259289
26.389697
26.59023
26.684415
26.873212
25.969139
26.005316
26.043644
26.10362
26.179694
26.295181
26.422053
26.621318
26.701288
26.877621
26.028121
26.065728
26.103623
26.161461
26.235135
26.34873
26.472417
26.669275
26.740641
26.908192
26.105981
26.143166
26.1797
26.235137
26.307027
26.419767
26.542757
26.740097
26.809194
26.974842
26.222763
26.259299
26.295187
26.348732
26.419767
26.532595
26.656597
26.855958
26.925749
27.092046
26.358787
26.389704
26.422057
26.472417
26.542755
26.656595
26.784049
26.988748
27.065802
27.240058
26.566123
26.590234
26.621318
26.669271
26.740091
26.855952
26.988745
27.200632
27.288127
27.476582
26.690004
26.684414
26.701284
26.740633
26.809184
26.925739
27.065795
27.288124
27.403384
27.631503
26.938682
26.873209
26.877615
26.908182
26.974831
27.092034
27.240048
27.476576
27.631501
27.976991
25.887362
25.913857
25.946487
26.001369
26.073597
26.178369
26.297579
26.468944
26.56655
26.743244
25.91386
25.938155
25.971389
26.026952
26.098777
26.203151
26.317915
26.483803
26.556827
26.683684
25.946493
25.971393
26.004664
26.059713
26.130402
26.234272
26.346044
26.510591
26.571115
26.685411
26.001379
26.026959
26.059717
26.112985
26.181673
26.283917
26.392829
26.554931
26.607414
26.712884
26.073609
26.098787
26.130407
26.181676
26.248859
26.350352
26.458572
26.620845
26.67096
26.774028
26.178381
26.20316
26.234277
26.28392
26.350352
26.451922
26.561027
26.725037
26.775694
26.879155
26.297588
26.317922
26.346047
26.392829
26.45857
26.561025
26.673253
26.842154
26.899391
27.010104
26.468949
26.483806
26.510591
26.554927
26.620839
26.725031
26.84215
27.017921
27.08516
27.209524
26.566551
26.556826
26.57111
26.607407
26.67095
26.775685
26.899383
27.085156
27.177455
27.338453
26.743243
26.683681
26.685405
26.712874
26.774016
26.879143
27.010094
27.209518
27.338451
27.601524
25.863493
25.886329
25.916614
25.967286
26.033597
26.126646
26.229995
26.370003
26.445596
26.568302
25.886332
25.903271
25.932351
25.982914
26.048727
26.14154
26.241492
26.3773
26.433028
26.514844
25.916621
25.932355
25.960688
26.01053
26.075314
26.167706
26.265168
26.399672
26.44459
26.514181
25.967296
25.982922
26.010533
26.058797
26.121868
26.212847
26.307773
26.439896
26.477455
26.538439
26.033609
26.048737
26.07532
26.12187
26.183649
26.27396
26.368223
26.500297
26.5355
26.593777
26.126658
26.141549
26.167712
26.212849
26.27396
26.364336
26.459382
26.592964
26.628619
26.687123
26.230004
26.241499
26.265172
26.307773
26.36822
26.45938
26.557246
26.695296
26.736894
26.801991
26.370009
26.377303
26.399672
26.439891
26.500291
26.592958
26.695292
26.839851
26.890918
26.968945
26.445598
26.433028
26.444586
26.477448
26.53549
26.62861
26.736887
26.890914
26.964435
27.075835
26.568301
26.514841
26.514175
26.538429
26.593765
26.687111
26.801981
26.968939
27.075832
27.275063
25.831571
25.851284
25.879174
25.925562
25.985811
26.067633
26.156275
26.26934
26.32673
26.40943
25.851287
25.862429
25.887595
25.933131
25.992731
26.074418
26.160581
26.270621
26.312348
26.361933
25.879181
25.887599
25.911272
25.95582
26.014423
26.095733
26.179865
26.288716
26.321236
26.359248
25.925572
25.933138
25.955824
25.998888
26.05598
26.136048
26.217959
26.324567
26.350472
26.380283
25.985824
25.99274
26.014429
26.055982
26.111941
26.191407
26.272699
26.379114
26.402753
26.429708
26.067645
26.074427
26.095739
26.13605
26.191407
26.270929
26.352921
26.460658
26.4847
26.511775
26.156285
26.160588
26.179868
26.217959
26.272696
26.352919
26.437454
26.54926
26.578651
26.611693
26.269346
26.270624
26.288716
26.324563
26.379108
26.460652
26.549256
26.667171
26.705423
26.750545
26.326732
26.312347
26.321232
26.350464
26.402743
26.48469
26.578643
26.705419
26.763649
26.8388
26.409429
26.36193
26.359241
26.380272
26.429695
26.511762
26.611683
26.750539
26.838798
26.98886
25.791529
25.808525
25.833977
25.87606
25.930235
26.001483
26.076698
26.166915
26.209452
26.262924
25.808527
25.815159
25.836694
25.877279
25.93064
26.001815
26.075336
26.163572
26.194082
26.221057
25.833984
25.836698
25.856093
25.895415
25.947766
26.018584
26.090484
26.177695
26.200476
26.216742
25.87607
25.877287
25.895419
25.933285
25.984266
26.05398
26.12396
26.209116
26.226039
26.234638
25.930248
25.93065
25.947772
25.984268
26.034234
26.1034
26.172815
26.257693
26.272495
26.278207
26.001495
26.001825
26.01859
26.053982
26.1034
26.172614
26.242661
26.32871
26.343889
26.349655
26.076708
26.075344
26.090488
26.12396
26.172813
26.242659
26.314996
26.404735
26.424709
26.435848
26.166921
26.163576
26.177695
26.209112
26.257687
26.328704
26.404731
26.500151
26.528326
26.550604
26.209454
26.194081
26.200472
26.226031
26.272485
26.343879
26.424701
26.528322
26.574153
26.623153
26.262924
26.221054
26.216735
26.234627
26.278194
26.349642
26.435837
26.550597
26.62315
26.735568
25.743374
25.757972
25.78097
25.818784
25.866992
25.928428
25.99156
26.062646
26.093237
26.125707
25.757975
25.761158
25.779372
25.815172
25.862412
25.923814
25.985907
26.055903
26.077526
26.089048
25.780977
25.779376
25.794932
25.829218
25.875417
25.936469
25.997301
26.066462
26.081687
26.083484
25.818795
25.815179
25.829222
25.862044
25.906973
25.967036
26.026227
26.09355
26.103656
26.098398
25.867004
25.862422
25.875424
25.906975
25.950978
26.010537
26.069225
26.13623
26.144391
26.136305
25.92844
25.923824
25.936475
25.967038
26.010537
26.070137
26.129399
26.197449
26.205975
26.197904
25.99157
25.985914
25.997304
26.026227
26.069222
26.129397
26.190716
26.262097
26.274904
26.271638
26.062652
26.055906
26.066462
26.093546
26.136223
26.197443
26.262093
26.338707
26.359024
26.365907
26.093238
26.077525
26.081682
26.103647
26.144381
26.205965
26.274896
26.35902
26.394841
26.425264
26.125706
26.089045
26.083477
26.098387
26.136292
26.197891
26.271628
26.365901
26.425261
26.509027
25.687185
25.699654
25.720214
25.753855
25.796303
25.84876
25.901165
25.956425
25.977558
25.995246
25.699656
25.700267
25.715483
25.746731
25.78809
25.840536
25.892432
25.947334
25.962008
25.96333
25.72022
25.715487
25.727667
25.757199
25.797483
25.849582
25.900527
25.954792
25.96424
25.956873
25.753866
25.746739
25.757203
25.785253
25.82434
25.875547
25.925106
25.977763
25.982789
25.969018
25.796316
25.7881
25.79749
25.824342
25.862573
25.913315
25.962434
26.014765
26.01804
26.001566
25.848772
25.840546
25.849588
25.875549
25.913315
25.964091
26.013736
26.067004
26.070637
26.054154
25.901175
25.89244
25.90053
25.925106
25.962432
26.013733
26.065219
26.12148
26.128916
26.116702
25.956431
25.947338
25.954792
25.977758
26.014758
26.066997
26.121476
26.182512
26.196756
26.193684
25.97756
25.962008
25.964236
25.982781
26.018029
26.070627
26.128908
26.196752
26.224526
26.242002
25.995245
25.963327
25.956866
25.969008
26.001553
26.054141
26.116692
26.193678
26.241999
26.304083
25.623114
25.633687
25.651863
25.681485
25.718464
25.76281
25.805814
25.84814
25.861916
25.869472
25.63369
25.632444
25.644989
25.671973
25.707781
25.75213
25.79504
25.837584
25.846908
25.841825
25.65187
25.644993
25.654262
25.679386
25.714096
25.758101
25.800321
25.842418
25.84753
25.834796
25.681496
25.671981
25.67939
25.70302
25.736592
25.779791
25.820855
25.861571
25.862903
25.844426
25.718477
25.707791
25.714103
25.736595
25.769368
25.812136
25.852822
25.893228
25.893005
25.871996
25.762822
25.75214
25.758107
25.779793
25.812136
25.854933
25.8961
25.937349
25.937479
25.916445
25.805824
25.795048
25.800325
25.820854
25.852819
25.896097
25.938908
25.982831
25.986321
25.969053
25.848146
25.837588
25.842418
25.861567
25.893221
25.937343
25.982827
26.031067
26.040669
26.031549
25.861918
25.846908
25.847525
25.862895
25.892995
25.937468
25.986313
26.040665
26.062002
26.070666
25.869472
25.841821
25.834789
25.844415
25.871983
25.916432
25.969042
26.031542
26.070663
26.116435
25.551375
25.560264
25.576147
25.601952
25.633819
25.670925
25.705794
25.737677
25.745845
25.746704
25.560267
25.557745
25.567939
25.590986
25.621641
25.65876
25.693847
25.726379
25.731661
25.722867
25.576154
25.567943
25.574751
25.595857
25.625406
25.662188
25.696801
25.729059
25.730988
25.715544
25.601963
25.590994
25.595861
25.615475
25.643943
25.679995
25.713652
25.744747
25.743476
25.722938
25.633832
25.621651
25.625413
25.643945
25.671664
25.707318
25.740657
25.771469
25.768836
25.745966
25.670938
25.65877
25.662195
25.679997
25.707318
25.742997
25.776775
25.808348
25.806057
25.783154
25.705804
25.693854
25.696804
25.713652
25.740654
25.776773
25.812012
25.84596
25.846623
25.827016
25.737683
25.726382
25.729058
25.744742
25.771462
25.808341
25.845955
25.883769
25.889868
25.877449
25.745848
25.73166
25.730983
25.743467
25.768825
25.806047
25.846615
25.889864
25.906082
25.908933
25.746703
25.722864
25.715537
25.722927
25.745953
25.783141
25.827005
25.877442
25.908931
25.942497
25.472234
25.479635
25.493347
25.51558
25.542738
25.57346
25.601375
25.624932
25.628931
25.625583
25.479638
25.476303
25.484454
25.503917
25.529859
25.560602
25.588957
25.613464
25.615762
25.60513
25.493354
25.484459
25.489227
25.506726
25.531578
25.561994
25.590048
25.614429
25.614093
25.597748
25.515591
25.503925
25.506731
25.522763
25.546588
25.576345
25.603619
25.627037
25.624014
25.603196
25.542751
25.52987
25.531584
25.546591
25.569715
25.599105
25.626113
25.649286
25.645083
25.622149
25.573473
25.560612
25.562
25.576347
25.599105
25.628515
25.655925
25.679782
25.675907
25.652935
25.601385
25.588965
25.590051
25.603619
25.626111
25.655922
25.684626
25.710578
25.709285
25.689175
25.624939
25.613467
25.614429
25.627032
25.649279
25.679775
25.710574
25.739958
25.743455
25.729625
25.628933
25.615761
25.614089
25.624005
25.645072
25.675897
25.709277
25.743451
25.755623
25.754806
25.625583
25.605126
25.597741
25.603185
25.622135
25.652921
25.689164
25.729618
25.754803
25.779287
25.385995
25.392091
25.403783
25.42272
25.445601
25.470757
25.492802
25.509809
25.510801
25.505026
25.392093
25.388308
25.394711
25.410952
25.43265
25.457832
25.480462
25.498607
25.49877
25.487561
25.40379
25.394715
25.397831
25.412141
25.43278
25.457653
25.480117
25.498258
25.496378
25.480314
25.422731
25.41096
25.412145
25.425036
25.444709
25.468988
25.490822
25.508179
25.50406
25.484106
25.445614
25.43266
25.432787
25.444712
25.463731
25.487674
25.509291
25.526441
25.52131
25.499461
25.47077
25.457842
25.457659
25.468991
25.487674
25.511632
25.533615
25.551378
25.546558
25.524666
25.492812
25.48047
25.480121
25.490822
25.509288
25.533612
25.556732
25.576334
25.573755
25.55433
25.509815
25.498611
25.498258
25.508174
25.526435
25.551371
25.576329
25.598949
25.600555
25.586565
25.510803
25.498769
25.496374
25.504051
25.521299
25.546547
25.573747
25.60055
25.609548
25.606566
25.505025
25.487558
25.480307
25.484095
25.499447
25.524653
25.554319
25.586558
25.606563
25.624322
25.292991
25.297951
25.307794
25.323733
25.342782
25.363142
25.380293
25.392219
25.391131
25.384168
25.297954
25.293996
25.298922
25.312307
25.330234
25.350624
25.368443
25.381604
25.380301
25.369334
25.307801
25.298926
25.300734
25.312266
25.329186
25.349286
25.367042
25.380294
25.377427
25.362374
25.323744
25.312316
25.312271
25.322452
25.33847
25.35804
25.375292
25.387914
25.383195
25.36479
25.342795
25.330245
25.329192
25.338473
25.353886
25.373149
25.390226
25.402681
25.397102
25.377019
25.363155
25.350634
25.349293
25.358042
25.373149
25.392425
25.409832
25.422833
25.417544
25.397416
25.380303
25.368451
25.367046
25.375292
25.390223
25.409829
25.428232
25.442833
25.439478
25.421459
25.392226
25.381608
25.380293
25.38791
25.402674
25.422826
25.442829
25.460061
25.460329
25.446971
25.391134
25.380301
25.377423
25.383187
25.397091
25.417533
25.439469
25.460325
25.466853
25.46274
25.384168
25.36933
25.362366
25.364779
25.377006
25.397403
25.421448
25.446964
25.462737
25.475542
25.193567
25.197549
25.205724
25.218975
25.234639
25.250913
25.264036
25.272085
25.269642
25.262327
25.197552
25.193628
25.197326
25.208214
25.222836
25.239143
25.252968
25.262274
25.260028
25.249798
25.205732
25.19733
25.198134
25.207281
25.220962
25.237004
25.25084
25.260304
25.256877
25.243241
25.218986
25.208222
25.207285
25.215169
25.228019
25.243588
25.257025
25.265993
25.261044
25.244546
25.234653
25.222847
25.220968
25.228021
25.240315
25.255608
25.268907
25.277743
25.272068
25.254103
25.250926
25.239153
25.23701
25.243591
25.255608
25.270912
25.284505
25.293825
25.288416
25.270404
25.264047
25.252976
25.250844
25.257025
25.268904
25.284503
25.298962
25.309665
25.305912
25.289688
25.272091
25.262278
25.260303
25.265989
25.277736
25.293818
25.309661
25.322637
25.321994
25.30973
25.269644
25.260027
25.256872
25.261035
25.272057
25.288405
25.305904
25.32199
25.326617
25.322061
25.262326
25.249795
25.243234
25.244535
25.254089
25.270391
25.289677
25.309723
25.322058
25.33123
25.08807
25.091222
25.097917
25.108791
25.121504
25.134337
25.14419
25.149332
25.146088
25.138964
25.091225
25.08748
25.090175
25.098907
25.110673
25.123542
25.134092
25.140458
25.137667
25.128449
25.097925
25.090179
25.090238
25.097368
25.108269
25.120899
25.131511
25.13808
25.13441
25.122377
25.108802
25.098915
25.097372
25.103339
25.113484
25.125698
25.135997
25.14218
25.137267
25.122811
25.121518
25.110683
25.108276
25.113487
25.123126
25.135092
25.145284
25.151366
25.145846
25.130121
25.13435
25.123553
25.120906
25.1257
25.135092
25.147067
25.15752
25.164028
25.158747
25.142974
25.144201
25.1341
25.131515
25.135997
25.145281
25.157518
25.168718
25.176412
25.17254
25.15827
25.149339
25.140462
25.13808
25.142176
25.151359
25.164021
25.176408
25.186048
25.184822
25.173887
25.146091
25.137667
25.134405
25.137258
25.145835
25.158735
25.172531
25.184818
25.187998
25.183442
25.138963
25.128445
25.12237
25.1228
25.130107
25.142961
25.158259
25.173879
25.183439
25.18996
24.976842
24.979297
24.984699
24.993501
25.003677
25.013648
25.020882
25.023892
25.020261
25.013656
24.9793
24.975832
24.977721
24.984618
24.993949
25.003958
25.011859
25.016018
25.012982
25.004892
24.984707
24.977726
24.977258
24.982707
24.991257
25.001055
25.009049
25.013437
25.009753
24.999358
24.993512
24.984626
24.982711
24.987109
24.994979
25.004412
25.012164
25.016256
25.011563
24.999136
25.00369
24.99396
24.991264
24.994981
25.002398
25.011612
25.01928
25.023299
25.018103
25.004587
25.013661
25.003969
25.001061
25.004415
25.011612
25.020833
25.028731
25.033121
25.028136
25.014574
25.020893
25.011867
25.009053
25.012163
25.019277
25.028729
25.037267
25.042666
25.03887
25.026561
25.023898
25.016022
25.013436
25.016252
25.023292
25.033113
25.042662
25.049711
25.048147
25.038619
25.020264
25.012981
25.009748
25.011554
25.018091
25.028124
25.038862
25.048143
25.050238
25.04595
25.013655
25.004888
24.999351
24.999124
25.004574
25.01456
25.02655
25.038612
25.045947
25.050541
24.860208
24.862085
24.866375
24.873396
24.88142
24.889041
24.894211
24.895697
24.891979
24.88607
24.862087
24.858956
24.860211
24.865568
24.872852
24.880512
24.886298
24.888835
24.885766
24.87882
24.866383
24.860216
24.8594
24.863471
24.870062
24.877537
24.883435
24.886207
24.88267
24.873852
24.873407
24.865577
24.863476
24.86661
24.872598
24.879758
24.885469
24.888019
24.883668
24.873159
24.881433
24.872863
24.870069
24.8726
24.878185
24.885153
24.890801
24.893299
24.888533
24.877103
24.889055
24.880523
24.877544
24.87976
24.885153
24.892126
24.897974
24.900792
24.89621
24.884735
24.894222
24.886306
24.883439
24.885468
24.890798
24.897972
24.904364
24.908034
24.904447
24.894006
24.895703
24.888839
24.886207
24.888014
24.893291
24.900785
24.908029
24.913086
24.911365
24.903222
24.891982
24.885766
24.882665
24.883659
24.888522
24.896199
24.904439
24.911361
24.912655
24.908782
24.886069
24.878817
24.873844
24.873148
24.877089
24.884721
24.893994
24.903215
24.908779
24.911981
24.738468
24.739873
24.743223
24.748735
24.75496
24.760677
24.764247
24.76468
24.761082
24.755942
24.739876
24.737108
24.737877
24.741961
24.747549
24.753304
24.757428
24.758798
24.755848
24.749994
24.74323
24.737882
24.736859
24.739821
24.744803
24.750399
24.754642
24.756243
24.752958
24.745598
24.748747
24.741969
24.739826
24.741965
24.746419
24.751746
24.755847
24.757283
24.753346
24.744592
24.754974
24.74756
24.74481
24.746422
24.750523
24.755684
24.759737
24.761138
24.756862
24.747335
24.760691
24.753314
24.750406
24.751748
24.755683
24.760848
24.765074
24.766748
24.762629
24.753059
24.764258
24.757437
24.754646
24.755846
24.759734
24.765071
24.769756
24.772142
24.76885
24.760125
24.764687
24.758802
24.756243
24.757279
24.761131
24.766741
24.772138
24.77568
24.773931
24.767089
24.761084
24.755847
24.752953
24.753337
24.75685
24.762618
24.768841
24.773927
24.774644
24.771251
24.755942
24.749991
24.74559
24.74458
24.747321
24.753045
24.760114
24.767082
24.771248
24.773449
24.611895
24.612921
24.615488
24.619742
24.624485
24.62868
24.631033
24.630772
24.627429
24.623061
24.612924
24.610525
24.610931
24.613978
24.618181
24.622414
24.625255
24.625811
24.623076
24.618226
24.615495
24.610936
24.609817
24.611901
24.615583
24.619681
24.622639
24.623413
24.620442
24.614389
24.619753
24.613986
24.611905
24.613279
24.616505
24.620375
24.623226
24.62388
24.62039
24.613199
24.624498
24.618192
24.61559
24.616508
24.619429
24.623157
24.625973
24.626604
24.622839
24.615007
24.628694
24.622425
24.619688
24.620378
24.623157
24.626887
24.62985
24.630712
24.62708
24.619208
24.631044
24.625263
24.622643
24.623226
24.62597
24.629848
24.633193
24.634646
24.631693
24.624506
24.630779
24.625815
24.623412
24.623875
24.626597
24.630705
24.634641
24.637047
24.635359
24.629697
24.627431
24.623076
24.620438
24.620381
24.622827
24.627069
24.631684
24.635355
24.635667
24.632766
24.623061
24.618222
24.614382
24.613188
24.614993
24.619194
24.624494
24.629689
24.632763
24.634248
24.480729
24.481456
24.483381
24.486602
24.490142
24.493142
24.494589
24.493902
24.490891
24.487255
24.481459
24.479416
24.479561
24.481777
24.484869
24.487903
24.489772
24.489783
24.487319
24.483363
24.483388
24.479565
24.478433
24.479835
24.482485
24.485407
24.487386
24.487595
24.484969
24.480062
24.486613
24.481786
24.479839
24.480638
24.4829
24.485632
24.48753
24.487653
24.484617
24.47879
24.490156
24.48488
24.482492
24.482903
24.484904
24.487516
24.489389
24.489498
24.48624
24.479887
24.493155
24.487914
24.485414
24.485634
24.487516
24.490129
24.492126
24.492428
24.489281
24.48289
24.4946
24.48978
24.48739
24.48753
24.489386
24.492123
24.494437
24.495224
24.492629
24.486787
24.493908
24.489787
24.487595
24.487649
24.489491
24.492421
24.495219
24.496784
24.495217
24.490597
24.490894
24.487319
24.484964
24.484608
24.486229
24.489269
24.49262
24.495212
24.49525
24.49282
24.487255
24.48336
24.480054
24.478778
24.479873
24.482876
24.486775
24.49059
24.492817
24.493795
24.345175
24.34567
24.347079
24.349465
24.352045
24.354121
24.354913
24.353993
24.351353
24.348381
24.345673
24.343963
24.343928
24.345491
24.347704
24.349812
24.350959
24.350626
24.348462
24.345283
24.347086
24.343932
24.342843
24.34373
24.345574
24.34759
24.348837
24.348679
24.346404
24.34248
24.349476
24.3455
24.343734
24.344115
24.345634
24.347492
24.34868
24.348462
24.345864
24.341205
24.352059
24.347715
24.345581
24.345637
24.346937
24.348694
24.349865
24.349639
24.346864
24.341777
24.354134
24.349823
24.347597
24.347495
24.348694
24.350453
24.351726
24.35166
24.348976
24.343855
24.354924
24.350968
24.348842
24.34868
24.349862
24.351724
24.353256
24.353583
24.351345
24.346658
24.354
24.35063
24.348679
24.348457
24.349632
24.351653
24.353579
24.354534
24.35312
24.349404
24.351356
24.348461
24.3464
24.345855
24.346853
24.348965
24.351336
24.353116
24.352978
24.350979
24.348381
24.34528
24.342473
24.341193
24.341763
24.343841
24.346647
24.349396
24.350976
24.351599
24.205401
24.205721
24.206723
24.208446
24.210274
24.211649
24.211981
24.210967
24.208704
24.206318
24.205724
24.204316
24.204164
24.205225
24.206757
24.208161
24.208788
24.208258
24.206396
24.203881
24.20673
24.204169
24.203162
24.203668
24.204897
24.206228
24.206943
24.206563
24.204628
24.201534
24.208457
24.205234
24.203673
24.203762
24.204722
24.205924
24.206595
24.206174
24.203988
24.200312
24.210287
24.206768
24.204904
24.204725
24.205503
24.206622
24.207281
24.206857
24.204531
24.200511
24.211662
24.208172
24.206235
24.205926
24.206622
24.207741
24.208485
24.208191
24.205938
24.201888
24.211992
24.208797
24.206947
24.206595
24.207278
24.208482
24.209435
24.209458
24.207559
24.20385
24.210974
24.208262
24.206563
24.206169
24.206849
24.208183
24.209453
24.209977
24.208733
24.205784
24.208707
24.206396
24.204623
24.203979
24.204519
24.205926
24.20755
24.208728
24.208488
24.206871
24.206318
24.203877
24.201526
24.2003
24.200497
24.201874
24.203838
24.205776
24.206868
24.207244
24.061542
24.061732
24.062419
24.063626
24.064875
24.065732
24.065755
24.06474
24.06284
24.060958
24.061735
24.060594
24.060375
24.061057
24.062071
24.062954
24.063218
24.062595
24.061025
24.059064
24.062427
24.06038
24.059478
24.059713
24.060483
24.061307
24.061646
24.06115
24.059532
24.057126
24.063637
24.061066
24.059717
24.059614
24.060165
24.060884
24.061192
24.060667
24.058856
24.055996
24.064889
24.062083
24.06049
24.060167
24.06057
24.061222
24.061521
24.060997
24.059075
24.055943
24.065745
24.062965
24.061314
24.060887
24.061222
24.061874
24.062242
24.061822
24.059959
24.0568
24.065766
24.063227
24.06165
24.061192
24.061518
24.06224
24.062775
24.062607
24.061023
24.058127
24.064747
24.062599
24.061149
24.060663
24.060989
24.061815
24.062602
24.06283
24.061759
24.059451
24.062842
24.061025
24.059527
24.058847
24.059064
24.059948
24.061014
24.061754
24.061463
24.060175
24.060958
24.059061
24.057119
24.055985
24.055929
24.056786
24.058115
24.059443
24.060172
24.06038
23.913696
23.913794
23.914243
23.915056
23.91587
23.916352
23.916181
23.915226
23.913659
23.912202
23.913797
23.912888
23.912637
23.913041
23.913672
23.914176
23.914199
23.913555
23.912255
23.91075
23.91425
23.912642
23.911855
23.911905
23.912342
23.912801
23.912886
23.912346
23.911016
23.909173
23.915067
23.913049
23.911909
23.911688
23.911949
23.912325
23.912387
23.911829
23.910351
23.908158
23.915883
23.913683
23.912349
23.911951
23.912093
23.912415
23.912472
23.911915
23.910352
23.907945
23.916365
23.914187
23.912807
23.912328
23.912415
23.912737
23.912849
23.912375
23.910857
23.908427
23.916192
23.914207
23.91289
23.912387
23.912469
23.912846
23.91309
23.912813
23.911512
23.909283
23.915233
23.913559
23.912345
23.911824
23.911907
23.912368
23.912809
23.912841
23.911937
23.910157
23.913662
23.912255
23.911011
23.910342
23.91034
23.910846
23.911504
23.911933
23.911626
23.910616
23.912202
23.910746
23.909166
23.908146
23.907931
23.908413
23.909272
23.910149
23.910613
23.91071
23.761932
23.761966
23.76224
23.762759
23.763254
23.763475
23.763193
23.762332
23.761065
23.759957
23.761969
23.761256
23.761
23.761205
23.76156
23.7618
23.761671
23.761053
23.759996
23.75886
23.762247
23.761004
23.760334
23.760264
23.760467
23.760673
23.760595
23.76006
23.758985
23.757596
23.76277
23.761214
23.760268
23.759985
23.760049
23.76019
23.760096
23.75955
23.758363
23.756707
23.763267
23.761571
23.760474
23.760052
23.760021
23.760119
23.760021
23.759477
23.758225
23.756404
23.763488
23.761811
23.760679
23.760193
23.760119
23.760217
23.760163
23.759684
23.758466
23.756625
23.763204
23.76168
23.760599
23.760096
23.760019
23.76016
23.760209
23.759882
23.758831
23.757141
23.762339
23.761057
23.76006
23.759545
23.75947
23.759676
23.759878
23.759789
23.75904
23.757688
23.761067
23.759996
23.75898
23.758354
23.758213
23.758455
23.758822
23.759036
23.758738
23.757958
23.759956
23.758856
23.757588
23.756695
23.75639
23.756611
23.757129
23.75768
23.757955
23.757981
23.606287
23.606279
23.606428
23.606734
23.607001
23.607049
23.606716
23.605965
23.604959
23.604132
23.606282
23.605732
23.605487
23.605557
23.60572
23.605783
23.605569
23.605004
23.60416
23.603317
23.606435
23.605491
23.604933
23.604793
23.604839
23.604876
23.604702
23.604204
23.603349
23.602319
23.606745
23.605566
23.604797
23.604492
23.60443
23.604417
23.604232
23.603726
23.602788
23.601559
23.607015
23.605731
23.604846
23.604432
23.604296
23.60425
23.604063
23.60356
23.602572
23.601217
23.607062
23.605794
23.604883
23.604419
23.60425
23.604204
23.60405
23.603597
23.602635
23.601264
23.606727
23.605577
23.604707
23.604232
23.60406
23.604048
23.603974
23.603637
23.6028
23.60154
23.605972
23.605009
23.604204
23.603722
23.603553
23.60359
23.603633
23.603476
23.602867
23.601856
23.604962
23.60416
23.603344
23.60278
23.602561
23.602624
23.602792
23.602862
23.602589
23.601996
23.604131
23.603314
23.602312
23.601547
23.601203
23.60125
23.601529
23.601849
23.601993
23.601975
23.446772
23.446739
23.446802
23.446958
23.44707
23.447008
23.446665
23.446029
23.445244
23.444639
23.446742
23.446325
23.446101
23.446084
23.446119
23.44607
23.445818
23.445322
23.444659
23.444046
23.446809
23.446106
23.44565
23.445475
23.445422
23.445354
23.445133
23.444688
23.444019
23.443271
23.446969
23.446093
23.445479
23.445178
23.445043
23.444937
23.444709
23.444259
23.44353
23.442634
23.447083
23.44613
23.445428
23.445046
23.444853
23.444721
23.444492
23.444045
23.443278
23.442288
23.447021
23.446081
23.44536
23.44494
23.444721
23.44459
23.444386
23.443977
23.443229
23.442226
23.446676
23.445826
23.445137
23.444709
23.444489
23.444383
23.444239
23.443918
23.443263
23.44234
23.446036
23.445326
23.444688
23.444255
23.444038
23.44397
23.443913
23.443726
23.443239
23.442497
23.445247
23.444659
23.444015
23.443521
23.443267
23.443218
23.443255
23.443235
23.442993
23.44255
23.444639
23.444043
23.443263
23.442622
23.442275
23.442212
23.442329
23.44249
23.442547
23.442505
23.283374
23.283328
23.283335
23.28339
23.2834
23.283277
23.28295
23.282425
23.281824
23.281391
23.283331
23.283021
23.282824
23.282755
23.28271
23.282597
23.282338
23.281915
23.281405
23.280969
23.283341
23.282829
23.282464
23.282279
23.282169
23.282042
23.281807
23.281423
23.280909
23.280376
23.283401
23.282763
23.282283
23.282004
23.281832
23.281677
23.281437
23.281051
23.280493
23.279854
23.283413
23.282721
23.282175
23.281835
23.28162
23.281445
23.281205
23.28082
23.280236
23.279527
23.283289
23.282608
23.282048
23.281679
23.281445
23.281271
23.281049
23.280694
23.280123
23.279403
23.282961
23.282346
23.281811
23.281437
23.281202
23.281047
23.28087
23.280579
23.280075
23.279413
23.282431
23.281919
23.281423
23.281046
23.280813
23.280687
23.280574
23.280381
23.279999
23.279465
23.281827
23.281404
23.280905
23.280485
23.280225
23.280112
23.280067
23.279995
23.279788
23.279463
23.281391
23.280965
23.280369
23.279843
23.279514
23.27939
23.279402
23.279458
23.27946
23.279407
23.116062
23.116011
23.115983
23.115974
23.115923
23.11577
23.115475
23.115051
23.1146
23.114299
23.116013
23.115787
23.11562
23.115524
23.115434
23.11529
23.115044
23.114694
23.114308
23.114005
23.115989
23.115624
23.115338
23.115158
23.115021
23.114868
23.11464
23.114319
23.113931
23.113561
23.115985
23.115532
23.115162
23.114914
23.114732
23.114558
23.114327
23.114004
23.113586
23.113141
23.115936
23.115444
23.115028
23.114735
23.114521
23.114332
23.114101
23.11378
23.113342
23.112847
23.115783
23.1153
23.114874
23.11456
23.114332
23.114143
23.113926
23.113626
23.113198
23.112694
23.115486
23.115052
23.114644
23.114327
23.114098
23.113924
23.11374
23.113486
23.113106
23.112641
23.115058
23.114698
23.114318
23.114
23.113773
23.113619
23.113482
23.113299
23.113004
23.112629
23.114603
23.114307
23.113927
23.113578
23.113331
23.113187
23.113097
23.113
23.112827
23.112594
23.114299
23.114002
23.113554
23.11313
23.112834
23.112681
23.11263
23.112622
23.112591
23.112535
22.944784
22.944733
22.944687
22.944641
22.944557
22.944398
22.944142
22.943807
22.943475
22.943272
22.944736
22.944574
22.944435
22.94433
22.944219
22.944067
22.943847
22.943564
22.943277
22.943074
22.944693
22.944439
22.944219
22.944055
22.943912
22.943753
22.943546
22.943283
22.942997
22.942748
22.944651
22.944338
22.944059
22.943847
22.943671
22.943497
22.943288
22.943024
22.942717
22.942416
22.944569
22.94423
22.943918
22.943673
22.943474
22.94329
22.94308
22.942819
22.942498
22.942161
22.94441
22.944078
22.94376
22.943499
22.94329
22.943106
22.942907
22.94266
22.942345
22.942002
22.944152
22.943854
22.94355
22.943287
22.943078
22.942904
22.942728
22.942515
22.942233
22.941916
22.943813
22.943567
22.943283
22.94302
22.942812
22.942653
22.94251
22.942346
22.942124
22.941867
22.943478
22.943277
22.942992
22.942709
22.942487
22.942335
22.942225
22.94212
22.941979
22.941815
22.943272
22.943071
22.942741
22.942405
22.942148
22.941989
22.941905
22.94186
22.941812
22.941759
22.769476
22.769429
22.769375
22.769311
22.769213
22.769062
22.768847
22.768588
22.76835
22.768219
22.769432
22.769319
22.769207
22.769103
22.768988
22.768842
22.768652
22.768429
22.768221
22.76809
22.769382
22.769211
22.769044
22.768901
22.768764
22.768614
22.768433
22.768224
22.768017
22.767855
22.769321
22.769111
22.768905
22.768728
22.768568
22.768407
22.768225
22.768016
22.767795
22.767598
22.769226
22.768998
22.76877
22.76857
22.768394
22.768226
22.768044
22.767836
22.767605
22.767385
22.769074
22.768852
22.76862
22.768409
22.768225
22.768057
22.767883
22.767685
22.767459
22.767233
22.768857
22.76866
22.768437
22.768225
22.768041
22.76788
22.767722
22.767547
22.767343
22.767134
22.768595
22.768432
22.768223
22.768012
22.767829
22.767679
22.767543
22.767402
22.767237
22.767067
22.768353
22.768221
22.768012
22.767787
22.767595
22.767449
22.767335
22.767233
22.767122
22.76701
22.768218
22.768087
22.767848
22.767588
22.767372
22.767221
22.767124
22.76706
22.767007
22.76696
22.590062
22.590021
22.589966
22.589896
22.589798
22.589662
22.589487
22.589291
22.589124
22.589043
22.590023
22.589947
22.589857
22.589762
22.589654
22.589522
22.589364
22.589191
22.589045
22.588964
22.589973
22.589861
22.589738
22.589617
22.589494
22.589359
22.589208
22.589045
22.588899
22.5888
22.589905
22.58977
22.589621
22.589477
22.589338
22.589197
22.589044
22.588882
22.588727
22.588605
22.58981
22.589664
22.5895
22.58934
22.58919
22.589043
22.588891
22.588729
22.588568
22.58843
22.589674
22.589532
22.589366
22.589199
22.589043
22.588897
22.588749
22.588595
22.588437
22.588295
22.589497
22.589371
22.589211
22.589044
22.588888
22.588747
22.588611
22.588471
22.588327
22.588196
22.589297
22.589195
22.589045
22.588878
22.588723
22.588588
22.588467
22.58835
22.588231
22.588123
22.589127
22.589044
22.588895
22.588719
22.588558
22.588426
22.58832
22.588227
22.588141
22.588067
22.589043
22.588962
22.588793
22.588595
22.588418
22.588282
22.588185
22.588117
22.588064
22.588024
22.406455
22.40642
22.406369
22.406301
22.40621
22.406094
22.405955
22.40581
22.405697
22.405651
22.406423
22.406372
22.406303
22.40622
22.406123
22.40601
22.405882
22.405752
22.405651
22.405606
22.406376
22.406307
22.406218
22.406118
22.406012
22.405897
22.405773
22.40565
22.40555
22.405493
22.40631
22.406227
22.406122
22.406008
22.405891
22.405771
22.405648
22.405524
22.405419
22.405349
22.406222
22.406132
22.406018
22.405893
22.405769
22.405646
22.405522
22.4054
22.405291
22.40521
22.406105
22.406019
22.405903
22.405774
22.405646
22.405523
22.405403
22.405285
22.405177
22.405093
22.405964
22.405889
22.405777
22.405648
22.40552
22.4054
22.405287
22.405179
22.40508
22.405002
22.405816
22.405755
22.40565
22.40552
22.405393
22.405278
22.405175
22.405081
22.404997
22.404932
22.405699
22.405651
22.405546
22.405412
22.405281
22.405167
22.405073
22.404993
22.404928
22.404881
22.40565
22.405603
22.405487
22.405339
22.405198
22.405081
22.404992
22.404926
22.404878
22.404845
22.218562
22.218533
22.218488
22.218426
22.218347
22.21825
22.218143
22.218038
22.217964
22.217941
22.218535
22.218504
22.218451
22.218381
22.218298
22.218204
22.218103
22.218008
22.217941
22.217919
22.218494
22.218454
22.218391
22.218312
22.218223
22.218128
22.218031
22.217939
22.217873
22.217845
22.218435
22.218388
22.218315
22.218226
22.218131
22.218034
22.217936
22.217845
22.217776
22.21774
22.218358
22.218307
22.218229
22.218134
22.218034
22.217934
22.217836
22.217746
22.217675
22.217632
22.218262
22.218213
22.218134
22.218036
22.217934
22.217834
22.217738
22.217651
22.21758
22.217536
22.218152
22.218111
22.218034
22.217936
22.217834
22.217736
22.217645
22.217563
22.217498
22.217456
22.218044
22.218011
22.217939
22.217841
22.217739
22.217644
22.217559
22.217486
22.217429
22.217394
22.217966
22.217941
22.217869
22.217769
22.217665
22.217571
22.217491
22.217425
22.217377
22.217349
22.217941
22.217916
22.217838
22.21773
22.217621
22.217524
22.217447
22.217387
22.217346
22.21732
22.026282
22.026258
22.026221
22.026167
22.0261
22.026023
22.025942
22.025869
22.025822
22.025814
22.026261
22.026242
22.026202
22.026145
22.026077
22.026002
22.025924
22.025856
22.025814
22.025806
22.026227
22.026206
22.026162
22.0261
22.026028
22.025952
22.025877
22.025811
22.02577
22.025759
22.026176
22.026152
22.026103
22.026036
22.02596
22.025883
22.025808
22.025742
22.025699
22.025685
22.026111
22.026086
22.026034
22.025962
22.025884
22.025805
22.02573
22.025665
22.025621
22.025603
22.026034
22.026011
22.025958
22.025885
22.025805
22.025726
22.025652
22.025589
22.025545
22.025526
22.025951
22.025931
22.025881
22.025808
22.025728
22.02565
22.025579
22.025519
22.025478
22.02546
22.025874
22.025859
22.025811
22.025738
22.025659
22.025583
22.025515
22.025459
22.025422
22.025406
22.025825
22.025813
22.025766
22.025692
22.025612
22.025536
22.025471
22.025419
22.025384
22.025369
22.025814
22.025803
22.025753
22.025676
22.025592
22.025515
22.02545
22.0254
22.025366
22.025346
21.829509
21.829491
21.82946
21.829416
21.829362
21.829302
21.829242
21.829192
21.829165
21.829166
21.829494
21.829483
21.829454
21.829408
21.829354
21.829295
21.829238
21.82919
21.829165
21.829166
21.829466
21.829457
21.829427
21.82938
21.829324
21.829265
21.829208
21.829162
21.829138
21.829138
21.829425
21.829415
21.829383
21.829333
21.829274
21.829214
21.829158
21.829113
21.829088
21.829087
21.829372
21.829363
21.829329
21.829276
21.829216
21.829156
21.8291
21.829054
21.829029
21.829027
21.829312
21.829304
21.82927
21.829216
21.829155
21.829095
21.82904
21.828995
21.82897
21.828966
21.829251
21.829244
21.829212
21.829158
21.829097
21.829037
21.828984
21.828941
21.828917
21.828913
21.829197
21.829193
21.829162
21.829109
21.829049
21.828989
21.828937
21.828896
21.828873
21.828869
21.829167
21.829165
21.829134
21.829081
21.82902
21.828961
21.82891
21.828869
21.828846
21.828839
21.829166
21.829163
21.829132
21.829078
21.829016
21.828956
21.828904
21.828863
21.828836
21.828821
21.628136
21.628122
21.628098
21.628062
21.628019
21.627974
21.627931
21.627898
21.627884
21.627889
21.628124
21.628119
21.628098
21.628063
21.62802
21.627976
21.627934
21.627902
21.627888
21.627894
21.628103
21.628101
21.628081
21.628045
21.628003
21.627958
21.627917
21.627886
21.627873
21.627879
21.62807
21.628069
21.628049
21.628012
21.627967
21.627922
21.627882
21.627851
21.627839
21.627845
21.628029
21.628029
21.628008
21.62797
21.627924
21.627879
21.627838
21.627808
21.627796
21.627801
21.627984
21.627984
21.627963
21.627924
21.627879
21.627833
21.627793
21.627763
21.627751
21.627756
21.627939
21.62794
21.62792
21.627882
21.627836
21.627791
21.627752
21.627722
21.627709
21.627714
21.627903
21.627905
21.627886
21.627848
21.627803
21.627758
21.627719
21.627689
21.627676
21.627679
21.627886
21.627888
21.627869
21.627832
21.627787
21.627742
21.627703
21.627673
21.627657
21.627655
21.627889
21.627892
21.627873
21.627836
21.627791
21.627745
21.627705
21.627673
21.627653
21.627641
21.422049
21.422039
21.42202
21.421992
21.421959
21.421925
21.421896
21.421875
21.421869
21.421877
21.422041
21.422038
21.422023
21.421997
21.421965
21.421932
21.421902
21.421882
21.421876
21.421883
21.422025
21.422026
21.422013
21.421987
21.421955
21.421922
21.421893
21.421873
21.421868
21.421876
21.422
21.422003
21.42199
21.421963
21.421931
21.421898
21.421869
21.421849
21.421845
21.421855
21.421969
21.421973
21.42196
21.421933
21.421899
21.421866
21.421838
21.421818
21.421814
21.421824
21.421935
21.421939
21.421927
21.4219
21.421866
21.421833
21.421805
21.421785
21.421781
21.42179
21.421904
21.421908
21.421896
21.421869
21.421836
21.421803
21.421774
21.421755
21.42175
21.421758
21.42188
21.421885
21.421873
21.421846
21.421813
21.42178
21.421752
21.421731
21.421725
21.421731
21.421871
21.421875
21.421864
21.421839
21.421806
21.421773
21.421743
21.421722
21.421712
21.421713
21.421876
21.421881
21.421871
21.421846
21.421814
21.42178
21.42175
21.421726
21.421711
21.421703
21.211133
21.211125
21.211111
21.21109
21.211065
21.211041
21.211021
21.211009
21.211008
21.211016
21.211127
21.211127
21.211116
21.211096
21.211072
21.211049
21.211029
21.211016
21.211015
21.211023
21.211116
21.211119
21.211111
21.211092
21.211068
21.211044
21.211025
21.211012
21.211012
21.211021
21.211097
21.211102
21.211095
21.211075
21.211052
21.211028
21.211009
21.210997
21.210997
21.211008
21.211074
21.21108
21.211073
21.211053
21.211029
21.211006
21.210987
21.210975
21.210976
21.210987
21.21105
21.211056
21.211049
21.21103
21.211006
21.210982
21.210963
21.210951
21.210952
21.210963
21.211029
21.211035
21.211028
21.211009
21.210985
21.210961
21.210942
21.210929
21.210929
21.210939
21.211014
21.211019
21.211012
21.210994
21.21097
21.210946
21.210926
21.210913
21.210911
21.210918
21.21101
21.211015
21.211009
21.210991
21.210968
21.210944
21.210923
21.210908
21.210902
21.210905
21.211016
21.211021
21.211016
21.211
21.210977
21.210953
21.210931
21.210913
21.210903
21.210898
20.995271
20.995265
20.995254
20.995238
20.99522
20.995204
20.995191
20.995184
20.995186
20.995194
20.995267
20.995267
20.99526
20.995245
20.995228
20.995211
20.995198
20.995191
20.995193
20.9952
20.995259
20.995262
20.995257
20.995243
20.995226
20.99521
20.995197
20.99519
20.995192
20.995201
20.995245
20.995251
20.995246
20.995232
20.995215
20.995199
20.995186
20.99518
20.995183
20.995193
20.995229
20.995235
20.995231
20.995217
20.9952
20.995184
20.995171
20.995165
20.995169
20.99518
20.995212
20.995218
20.995214
20.995201
20.995184
20.995167
20.995155
20.995149
20.995152
20.995163
20.995198
20.995204
20.9952
20.995186
20.99517
20.995153
20.99514
20.995133
20.995136
20.995145
20.995189
20.995194
20.99519
20.995177
20.995161
20.995144
20.99513
20.995122
20.995123
20.99513
20.995188
20.995193
20.995189
20.995177
20.995161
20.995145
20.99513
20.99512
20.995117
20.995121
20.995193
20.995198
20.995196
20.995186
20.995171
20.995154
20.995138
20.995126
20.995119
20.995115
20.774341
20.774337
20.774329
20.774318
20.774305
20.774293
20.774285
20.774283
20.774286
20.774292
20.774339
20.774339
20.774334
20.774324
20.774311
20.7743
20.774292
20.774289
20.774292
20.774298
20.774334
20.774337
20.774333
20.774323
20.774311
20.7743
20.774292
20.774289
20.774293
20.774301
20.774324
20.774329
20.774326
20.774316
20.774304
20.774293
20.774286
20.774283
20.774287
20.774297
20.774313
20.774318
20.774316
20.774306
20.774294
20.774283
20.774276
20.774273
20.774278
20.774288
20.774302
20.774307
20.774305
20.774295
20.774283
20.774272
20.774265
20.774262
20.774267
20.774276
20.774292
20.774297
20.774295
20.774286
20.774274
20.774263
20.774255
20.774252
20.774255
20.774264
20.774287
20.774291
20.774289
20.77428
20.774269
20.774258
20.774249
20.774244
20.774246
20.774253
20.774288
20.774292
20.77429
20.774282
20.774271
20.77426
20.77425
20.774244
20.774243
20.774246
20.774292
20.774296
20.774296
20.77429
20.774279
20.774268
20.774257
20.774249
20.774244
20.774243
20.548223
20.54822
20.548214
20.548206
20.548197
20.548189
20.548185
20.548184
20.548188
20.548193
20.548222
20.548222
20.548218
20.548211
20.548202
20.548195
20.54819
20.548189
20.548193
20.548198
20.548218
20.548221
20.548218
20.548211
20.548203
20.548195
20.548191
20.54819
20.548194
20.548201
20.548212
20.548216
20.548214
20.548207
20.548198
20.548191
20.548187
20.548187
20.548192
20.548199
20.548205
20.548208
20.548207
20.5482
20.548192
20.548185
20.548181
20.548181
20.548186
20.548194
20.548197
20.548201
20.5482
20.548193
20.548185
20.548177
20.548173
20.548173
20.548178
20.548186
20.548191
20.548195
20.548193
20.548187
20.548179
20.548172
20.548167
20.548166
20.54817
20.548178
20.548188
20.548192
20.54819
20.548184
20.548176
20.548169
20.548164
20.548162
20.548164
20.54817
20.54819
20.548193
20.548192
20.548187
20.548179
20.548172
20.548165
20.548162
20.548162
20.548165
20.548193
20.548196
20.548197
20.548193
20.548186
20.548178
20.548171
20.548166
20.548164
20.548163
20.316791
20.316789
20.316784
20.316778
20.316772
20.316767
20.316765
20.316766
20.31677
20.316774
20.31679
20.31679
20.316788
20.316782
20.316776
20.316772
20.316769
20.31677
20.316773
20.316778
20.316788
20.31679
20.316788
20.316783
20.316777
20.316773
20.31677
20.316771
20.316775
20.31678
20.316784
20.316787
20.316785
20.31678
20.316774
20.31677
20.316768
20.316769
20.316774
20.31678
20.316779
20.316782
20.316781
20.316776
20.31677
20.316766
20.316764
20.316765
20.31677
20.316777
20.316775
20.316777
20.316776
20.316771
20.316766
20.316761
20.316759
20.316761
20.316765
20.316772
20.316771
20.316774
20.316773
20.316768
20.316762
20.316758
20.316755
20.316756
20.31676
20.316767
20.31677
20.316772
20.316771
20.316767
20.316761
20.316757
20.316754
20.316753
20.316756
20.316761
20.316771
20.316773
20.316773
20.316769
20.316764
20.316759
20.316756
20.316754
20.316755
20.316758
20.316774
20.316776
20.316777
20.316774
20.31677
20.316765
20.316761
20.316758
20.316756
20.316756
20.079918
20.079916
20.079913
20.079909
20.079904
20.079902
20.079901
20.079902
20.079906
20.079909
20.079918
20.079918
20.079915
20.079911
20.079907
20.079905
20.079904
20.079905
20.079908
20.079912
20.079916
20.079918
20.079916
20.079912
20.079908
20.079905
20.079905
20.079906
20.07991
20.079914
20.079914
20.079916
20.079914
20.079911
20.079907
20.079904
20.079903
20.079905
20.07991
20.079915
20.079911
20.079913
20.079912
20.079908
20.079904
20.079901
20.079901
20.079903
20.079908
20.079913
20.079908
20.07991
20.079909
20.079905
20.079901
20.079899
20.079898
20.0799
20.079905
20.07991
20.079906
20.079908
20.079907
20.079903
20.0799
20.079897
20.079896
20.079897
20.079901
20.079906
20.079906
20.079907
20.079906
20.079903
20.0799
20.079897
20.079895
20.079896
20.079899
20.079903
20.079907
20.079908
20.079908
20.079905
20.079902
20.079899
20.079897
20.079897
20.079898
20.079901
20.079909
20.07991
20.079911
20.079909
20.079906
20.079903
20.079901
20.079899
20.079899
20.079899
19.837474
19.837473
19.837471
19.837467
19.837465
19.837463
19.837463
19.837465
19.837468
19.83747
19.837474
19.837474
19.837472
19.837469
19.837467
19.837465
19.837465
19.837467
19.83747
19.837473
19.837474
19.837474
19.837473
19.83747
19.837467
19.837466
19.837466
19.837468
19.837471
19.837475
19.837473
19.837473
19.837472
19.837469
19.837466
19.837465
19.837465
19.837467
19.837471
19.837475
19.837471
19.837472
19.837471
19.837468
19.837465
19.837463
19.837464
19.837466
19.83747
19.837475
19.837469
19.83747
19.837469
19.837466
19.837463
19.837462
19.837462
19.837464
19.837468
19.837473
19.837468
19.837469
19.837468
19.837465
19.837462
19.837461
19.837461
19.837463
19.837467
19.837471
19.837468
19.837469
19.837468
19.837465
19.837463
19.837461
19.837461
19.837462
19.837465
19.837468
19.837469
19.83747
19.837469
19.837467
19.837465
19.837463
19.837463
19.837463
19.837465
19.837467
19.83747
19.837471
19.837471
19.83747
19.837468
19.837467
19.837465
19.837465
19.837465
19.837466
19.589328
19.589327
19.589325
19.589323
19.589321
19.58932
19.589321
19.589322
19.589325
19.589327
19.589328
19.589328
19.589326
19.589324
19.589322
19.589321
19.589322
19.589324
19.589326
19.589329
19.589328
19.589328
19.589327
19.589325
19.589323
19.589322
19.589323
19.589325
19.589327
19.58933
19.589328
19.589328
19.589326
19.589324
19.589322
19.589321
19.589322
19.589325
19.589328
19.589331
19.589327
19.589327
19.589326
19.589323
19.589321
19.58932
19.589321
19.589324
19.589327
19.589331
19.589326
19.589326
19.589325
19.589322
19.58932
19.58932
19.58932
19.589323
19.589326
19.58933
19.589325
19.589326
19.589324
19.589322
19.58932
19.589319
19.58932
19.589322
19.589325
19.589328
19.589325
19.589326
19.589325
19.589323
19.589321
19.58932
19.58932
19.589322
19.589324
19.589327
19.589326
19.589326
19.589326
19.589324
19.589323
19.589322
19.589322
19.589322
19.589324
19.589326
19.589327
19.589327
19.589327
19.589326
19.589325
19.589324
19.589324
19.589324
19.589324
19.589325
19.335344
19.335343
19.335342
19.33534
19.335339
19.335338
19.335339
19.335341
19.335343
19.335344
19.335344
19.335344
19.335343
19.335341
19.33534
19.335339
19.33534
19.335342
19.335344
19.335346
19.335345
19.335344
19.335343
19.335341
19.33534
19.335339
19.33534
19.335342
19.335345
19.335347
19.335344
19.335344
19.335343
19.335341
19.335339
19.335339
19.33534
19.335342
19.335345
19.335348
19.335344
19.335344
19.335342
19.33534
19.335339
19.335338
19.33534
19.335342
19.335345
19.335348
19.335344
19.335343
19.335342
19.33534
19.335338
19.335338
19.335339
19.335341
19.335344
19.335347
19.335343
19.335343
19.335342
19.33534
19.335338
19.335338
19.335339
19.335341
19.335344
19.335346
19.335344
19.335343
19.335342
19.335341
19.335339
19.335339
19.335339
19.335341
19.335343
19.335345
19.335344
19.335344
19.335343
19.335342
19.335341
19.33534
19.33534
19.335342
19.335343
19.335345
19.335344
19.335344
19.335344
19.335343
19.335342
19.335342
19.335342
19.335343
19.335343
19.335344
19.075384
19.075384
19.075383
19.075381
19.07538
19.07538
19.075381
19.075382
19.075384
19.075385
19.075385
19.075384
19.075383
19.075382
19.075381
19.075381
19.075381
19.075383
19.075385
19.075386
19.075385
19.075385
19.075383
19.075382
19.075381
19.075381
19.075382
19.075383
19.075385
19.075387
19.075385
19.075385
19.075383
19.075382
19.07538
19.07538
19.075381
19.075384
19.075386
19.075388
19.075385
19.075385
19.075383
19.075381
19.07538
19.07538
19.075381
19.075383
19.075386
19.075388
19.075385
19.075384
19.075383
19.075381
19.07538
19.07538
19.075381
19.075383
19.075386
19.075388
19.075385
19.075384
19.075383
19.075381
19.07538
19.07538
19.075381
19.075383
19.075385
19.075387
19.075385
19.075385
19.075383
19.075382
19.075381
19.075381
19.075381
19.075383
19.075385
19.075387
19.075385
19.075385
19.075384
19.075383
19.075382
19.075382
19.075382
19.075383
19.075385
19.075386
19.075385
19.075385
19.075385
19.075384
19.075383
19.075383
19.075383
19.075384
19.075385
19.075386
18.809308
18.809308
18.809307
18.809306
18.809305
18.809305
18.809306
18.809307
18.809308
18.809309
18.809309
18.809308
18.809307
18.809306
18.809305
18.809305
18.809306
18.809307
18.809309
18.80931
18.809309
18.809308
18.809307
18.809306
18.809305
18.809305
18.809306
18.809308
18.809309
18.809311
18.809309
18.809308
18.809307
18.809306
18.809305
18.809305
18.809306
18.809308
18.80931
18.809311
18.809309
18.809308
18.809307
18.809306
18.809304
18.809304
18.809306
18.809308
18.80931
18.809311
18.809309
18.809308
18.809307
18.809306
18.809304
18.809304
18.809306
18.809307
18.80931
18.809311
18.809309
18.809309
18.809307
18.809306
18.809305
18.809305
18.809306
18.809307
18.809309
18.809311
18.809309
18.809309
18.809308
18.809306
18.809305
18.809305
18.809306
18.809308
18.809309
18.809311
18.809309
18.809309
18.809308
18.809307
18.809306
18.809306
18.809307
18.809308
18.809309
18.80931
18.809309
18.809309
18.809308
18.809308
18.809307
18.809307
18.809308
18.809308
18.809309
18.80931
18.536971
18.536971
18.53697
18.536969
18.536968
18.536969
18.536969
18.53697
18.536971
18.536972
18.536971
18.536971
18.53697
18.536969
18.536968
18.536968
18.536969
18.53697
18.536972
18.536972
18.536972
18.536971
18.53697
18.536969
18.536968
18.536968
18.536969
18.536971
18.536972
18.536973
18.536972
18.536971
18.53697
18.536969
18.536968
18.536968
18.536969
18.536971
18.536972
18.536973
18.536972
18.536971
18.53697
18.536969
18.536968
18.536968
18.536969
18.536971
18.536972
18.536974
18.536972
18.536971
18.53697
18.536969
18.536968
18.536968
18.536969
18.536971
18.536972
18.536974
18.536972
18.536971
18.53697
18.536969
18.536968
18.536968
18.536969
18.536971
18.536972
18.536973
18.536972
18.536972
18.536971
18.53697
18.536969
18.536969
18.53697
18.536971
18.536972
18.536973
18.536972
18.536972
18.536971
18.53697
18.536969
18.536969
18.53697
18.536971
18.536972
18.536973
18.536972
18.536972
18.536971
18.536971
18.53697
18.53697
18.536971
18.536971
18.536972
18.536973
18.258226
18.258225
18.258225
18.258224
18.258224
18.258224
18.258224
18.258225
18.258226
18.258226
18.258226
18.258225
18.258225
18.258224
18.258224
18.258224
18.258224
18.258225
18.258226
18.258227
18.258226
18.258226
18.258225
18.258224
18.258223
18.258224
18.258224
18.258225
18.258226
18.258227
18.258226
18.258226
18.258225
18.258224
18.258223
18.258223
18.258224
18.258225
18.258227
18.258227
18.258226
18.258226
18.258225
18.258224
18.258223
18.258223
18.258224
18.258225
18.258227
18.258228
18.258227
18.258226
18.258225
18.258224
18.258223
18.258223
18.258224
18.258225
18.258227
18.258228
18.258227
18.258226
18.258225
18.258224
18.258224
18.258224
18.258224
18.258225
18.258227
18.258228
18.258227
18.258226
18.258225
18.258224
18.258224
18.258224
18.258225
18.258226
18.258227
18.258227
18.258227
18.258226
18.258225
18.258225
18.258224
18.258224
18.258225
18.258226
18.258227
18.258227
18.258227
18.258226
18.258226
18.258225
18.258225
18.258225
18.258225
18.258226
18.258226
18.258227
17.972921
17.972921
17.97292
17.97292
17.97292
17.97292
17.97292
17.972921
17.972921
17.972922
17.972921
17.972921
17.97292
17.97292
17.97292
17.97292
17.97292
17.972921
17.972921
17.972922
17.972921
17.972921
17.97292
17.97292
17.97292
17.97292
17.97292
17.972921
17.972922
17.972922
17.972922
17.972921
17.972921
17.97292
17.972919
17.97292
17.97292
17.972921
17.972922
17.972922
17.972922
17.972921
17.972921
17.97292
17.972919
17.97292
17.97292
17.972921
17.972922
17.972922
17.972922
17.972921
17.972921
17.97292
17.97292
17.97292
17.97292
17.972921
17.972922
17.972922
17.972922
17.972921
17.972921
17.97292
17.97292
17.97292
17.97292
17.972921
17.972922
17.972922
17.972922
17.972921
17.972921
17.97292
17.97292
17.97292
17.97292
17.972921
17.972922
17.972922
17.972922
17.972921
17.972921
17.97292
17.97292
17.97292
17.972921
17.972921
17.972922
17.972922
17.972922
17.972921
17.972921
17.972921
17.97292
17.97292
17.972921
17.972921
17.972922
17.972922
17.680903
17.680903
17.680903
17.680902
17.680902
17.680902
17.680902
17.680903
17.680903
17.680903
17.680903
17.680903
17.680903
17.680902
17.680902
17.680902
17.680902
17.680903
17.680903
17.680904
17.680903
17.680903
17.680903
17.680902
17.680902
17.680902
17.680902
17.680903
17.680903
17.680904
17.680903
17.680903
17.680903
17.680902
17.680902
17.680902
17.680902
17.680903
17.680903
17.680904
17.680903
17.680903
17.680903
17.680902
17.680902
17.680902
17.680902
17.680903
17.680904
17.680904
17.680904
17.680903
17.680903
17.680902
17.680902
17.680902
17.680903
17.680903
17.680904
17.680904
17.680904
17.680903
17.680903
17.680903
17.680902
17.680902
17.680903
17.680903
17.680904
17.680904
17.680904
17.680903
17.680903
17.680903
17.680902
17.680902
17.680903
17.680903
17.680904
17.680904
17.680904
17.680903
17.680903
17.680903
17.680903
17.680903
17.680903
17.680903
17.680904
17.680904
17.680904
17.680903
17.680903
17.680903
17.680903
17.680903
17.680903
17.680903
17.680903
17.680904
17.382014
17.382013
17.382013
17.382013
17.382013
17.382013
17.382013
17.382013
17.382014
17.382014
17.382014
17.382013
17.382013
17.382013
17.382013
17.382013
17.382013
17.382013
17.382014
17.382014
17.382014
17.382014
17.382013
17.382013
17.382013
17.382013
17.382013
17.382013
17.382014
17.382014
17.382014
17.382014
17.382013
17.382013
17.382013
17.382013
17.382013
17.382014
17.382014
17.382014
17.382014
17.382014
17.382013
17.382013
17.382013
17.382013
17.382013
17.382014
17.382014
17.382014
17.382014
17.382014
17.382013
17.382013
17.382013
17.382013
17.382013
17.382014
17.382014
17.382014
17.382014
17.382014
17.382014
17.382013
17.382013
17.382013
17.382013
17.382014
17.382014
17.382014
17.382014
17.382014
17.382014
17.382013
17.382013
17.382013
17.382013
17.382014
17.382014
17.382014
17.382014
17.382014
17.382014
17.382013
17.382013
17.382013
17.382013
17.382014
17.382014
17.382014
17.382014
17.382014
17.382014
17.382013
17.382013
17.382013
17.382013
17.382014
17.382014
17.382014
17.076091
17.076091
17.076091
17.076091
17.076091
17.076091
17.076091
17.076091
17.076091
17.076091
17.076091
17.076091
17.076091
17.076091
17.076091
17.076091
17.076091
17.076091
17.076091
17.076091
17.076091
17.076091
17.076091
17.076091
17.076091
17.076091
17.076091
17.076091
17.076091
17.076091
17.076091
17.076091
17.076091
17.076091
17.076091
17.076091
17.076091
17.076091
17.076091
17.076091
17.076091
17.076091
17.076091
17.076091
17.076091
17.076091
17.076091
17.076091
17.076091
17.076091
17.076091
17.076091
17.076091
17.076091
17.076091
17.076091
17.076091
17.076091
17.076091
17.076091
17.076091
17.076091
17.076091
17.076091
17.076091
17.076091
17.076091
17.076091
17.076091
17.076091
17.076091
17.076091
17.076091
17.076091
17.076091
17.076091
17.076091
17.076091
17.076091
17.076091
17.076091
17.076091
17.076091
17.076091
17.076091
17.076091
17.076091
17.076091
17.076091
17.076091
17.076091
17.076091
17.076091
17.076091
17.076091
17.076091
17.076091
17.076091
17.076091
17.076091
16.762969
16.762969
16.762969
16.76297
16.76297
16.76297
16.76297
16.76297
16.762969
16.762969
16.762969
16.762969
16.76297
16.76297
16.76297
16.76297
16.76297
16.76297
16.762969
16.762969
16.762969
16.762969
16.76297
16.76297
16.76297
16.76297
16.76297
16.76297
16.762969
16.762969
16.762969
16.76297
16.76297
16.76297
16.76297
16.76297
16.76297
16.76297
16.762969
16.762969
16.76297
16.76297
16.76297
16.76297
16.76297
16.76297
16.76297
16.76297
16.76297
16.762969
16.76297
16.76297
16.76297
16.76297
16.76297
16.76297
16.76297
16.76297
16.76297
16.76297
16.76297
16.76297
16.76297
16.76297
16.76297
16.76297
16.76297
16.76297
16.76297
16.76297
16.76297
16.76297
16.76297
16.76297
16.76297
16.76297
16.76297
16.76297
16.76297
16.76297
16.76297
16.76297
16.76297
16.76297
16.76297
16.76297
16.76297
16.76297
16.76297
16.76297
16.76297
16.76297
16.76297
16.76297
16.76297
16.76297
16.76297
16.76297
16.76297
16.76297
16.44248
16.44248
16.44248
16.44248
16.44248
16.44248
16.44248
16.44248
16.44248
16.44248
16.44248
16.44248
16.44248
16.44248
16.44248
16.44248
16.44248
16.44248
16.44248
16.44248
16.44248
16.44248
16.44248
16.44248
16.44248
16.44248
16.44248
16.44248
16.44248
16.44248
16.44248
16.44248
16.44248
16.44248
16.44248
16.44248
16.44248
16.44248
16.44248
16.44248
16.44248
16.44248
16.44248
16.44248
16.44248
16.44248
16.44248
16.44248
16.44248
16.44248
16.44248
16.44248
16.44248
16.44248
16.44248
16.44248
16.44248
16.44248
16.44248
16.44248
16.44248
16.44248
16.44248
16.44248
16.44248
16.44248
16.44248
16.44248
16.44248
16.44248
16.44248
16.44248
16.44248
16.44248
16.44248
16.44248
16.44248
16.44248
16.44248
16.44248
16.44248
16.44248
16.44248
16.44248
16.44248
16.44248
16.44248
16.44248
16.44248
16.44248
16.44248
16.44248
16.44248
16.44248
16.44248
16.44248
16.44248
16.44248
16.44248
16.44248
16.114449
16.114449
16.114449
16.114449
16.114449
16.114449
16.114449
16.114449
16.114449
16.114449
16.114449
16.114449
16.114449
16.114449
16.114449
16.114449
16.114449
16.114449
16.114449
16.114449
16.114449
16.114449
16.114449
16.114449
16.114449
16.114449
16.114449
16.114449
16.114449
16.114449
16.114449
16.114449
16.114449
16.114449
16.114449
16.114449
16.114449
16.114449
16.114449
16.114449
16.114449
16.114449
16.114449
16.114449
16.114449
16.114449
16.114449
16.114449
16.114449
16.114449
16.114449
16.114449
16.114449
16.114449
16.114449
16.114449
16.114449
16.114449
16.114449
16.114449
16.114449
16.114449
16.114449
16.114449
16.114449
16.114449
16.114449
16.114449
16.114449
16.114449
16.114449
16.114449
16.114449
16.114449
16.114449
16.114449
16.114449
16.114449
16.114449
16.114449
16.114449
16.114449
16.114449
16.114449
16.114449
16.114449
16.114449
16.114449
16.114449
16.114449
16.114449
16.114449
16.114449
16.114449
16.114449
16.114449
16.114449
16.114449
16.114449
16.114449
15.7787
15.7787
15.7787
15.7787
15.7787
15.7787
15.7787
15.7787
15.7787
15.7787
15.7787
15.7787
15.7787
15.7787
15.7787
15.7787
15.7787
15.7787
15.7787
15.7787
15.7787
15.7787
15.7787
15.7787
15.7787
15.7787
15.7787
15.7787
15.7787
15.7787
15.7787
15.7787
15.7787
15.7787
15.7787
15.7787
15.7787
15.7787
15.7787
15.7787
15.7787
15.7787
15.7787
15.7787
15.7787
15.7787
15.7787
15.7787
15.7787
15.7787
15.7787
15.7787
15.7787
15.7787
15.7787
15.7787
15.7787
15.7787
15.7787
15.7787
15.7787
15.7787
15.7787
15.7787
15.7787
15.7787
15.7787
15.7787
15.7787
15.7787
15.7787
15.7787
15.7787
15.7787
15.7787
15.7787
15.7787
15.7787
15.7787
15.7787
15.7787
15.7787
15.7787
15.7787
15.7787
15.7787
15.7787
15.7787
15.7787
15.7787
15.7787
15.7787
15.7787
15.7787
15.7787
15.7787
15.7787
15.7787
15.7787
15.7787
15.435049
15.435049
15.435049
15.435049
15.435049
15.435049
15.435049
15.435049
15.435049
15.435049
15.435049
15.435049
15.435049
15.435049
15.435049
15.435049
15.435049
15.435049
15.435049
15.435049
15.435049
15.435049
15.435049
15.435049
15.435049
15.435049
15.435049
15.435049
15.435049
15.435049
15.435049
15.435049
15.435049
15.435049
15.435049
15.435049
15.435049
15.435049
15.435049
15.435049
15.435049
15.435049
15.435049
15.435049
15.435049
15.435049
15.435049
15.435049
15.435049
15.435049
15.435049
15.435049
15.435049
15.435049
15.435049
15.435049
15.435049
15.435049
15.435049
15.435049
15.435049
15.435049
15.435049
15.435049
15.435049
15.435049
15.435049
15.435049
15.435049
15.435049
15.435049
15.435049
15.435049
15.435049
15.435049
15.435049
15.435049
15.435049
15.435049
15.435049
15.435049
15.435049
15.435049
15.435049
15.435049
15.435049
15.435049
15.435049
15.435049
15.435049
15.435049
15.435049
15.435049
15.435049
15.435049
15.435049
15.435049
15.435049
15.435049
15.435049
15.083313
15.083313
15.083313
15.083313
15.083313
15.083313
15.083313
15.083313
15.083313
15.083313
15.083313
15.083313
15.083313
15.083313
15.083313
15.083313
15.083313
15.083313
15.083313
15.083313
15.083313
15.083313
15.083313
15.083313
15.083313
15.083313
15.083313
15.083313
15.083313
15.083313
15.083313
15.083313
15.083313
15.083313
15.083313
15.083313
15.083313
15.083313
15.083313
15.083313
15.083313
15.083313
15.083313
15.083313
15.083313
15.083313
15.083313
15.083313
15.083313
15.083313
15.083313
15.083313
15.083313
15.083313
15.083313
15.083313
15.083313
15.083313
15.083313
15.083313
15.083313
15.083313
15.083313
15.083313
15.083313
15.083313
15.083313
15.083313
15.083313
15.083313
15.083313
15.083313
15.083313
15.083313
15.083313
15.083313
15.083313
15.083313
15.083313
15.083313
15.083313
15.083313
15.083313
15.083313
15.083313
15.083313
15.083313
15.083313
15.083313
15.083313
15.083313
15.083313
15.083313
15.083313
15.083313
15.083313
15.083313
15.083313
15.083313
15.083313
14.723299
14.723299
14.723299
14.723299
14.723299
14.723299
14.723299
14.723299
14.723299
14.723299
14.723299
14.723299
14.723299
14.723299
14.723299
14.723299
14.723299
14.723299
14.723299
14.723299
14.723299
14.723299
14.723299
14.723299
14.723299
14.723299
14.723299
14.723299
14.723299
14.723299
14.723299
14.723299
14.723299
14.723299
14.723299
14.723299
14.723299
14.723299
14.723299
14.723299
14.723299
14.723299
14.723299
14.723299
14.723299
14.723299
14.723299
14.723299
14.723299
14.723299
14.723299
14.723299
14.723299
14.723299
14.723299
14.723299
14.723299
14.723299
14.723299
14.723299
14.723299
14.723299
14.723299
14.723299
14.723299
14.723299
14.723299
14.723299
14.723299
14.723299
14.723299
14.723299
14.723299
14.723299
14.723299
14.723299
14.723299
14.723299
14.723299
14.723299
14.723299
14.723299
14.723299
14.723299
14.723299
14.723299
14.723299
14.723299
14.723299
14.723299
14.723299
14.723299
14.723299
14.723299
14.723299
14.723299
14.723299
14.723299
14.723299
14.723299
14.354815
14.354815
14.354815
14.354815
14.354815
14.354815
14.354815
14.354815
14.354815
14.354815
14.354815
14.354815
14.354815
14.354815
14.354815
14.354815
14.354815
14.354815
14.354815
14.354815
14.354815
14.354815
14.354815
14.354815
14.354815
14.354815
14.354815
14.354815
14.354815
14.354815
14.354815
14.354815
14.354815
14.354815
14.354815
14.354815
14.354815
14.354815
14.354815
14.354815
14.354815
14.354815
14.354815
14.354815
14.354815
14.354815
14.354815
14.354815
14.354815
14.354815
14.354815
14.354815
14.354815
14.354815
14.354815
14.354815
14.354815
14.354815
14.354815
14.354815
14.354815
14.354815
14.354815
14.354815
14.354815
14.354815
14.354815
14.354815
14.354815
14.354815
14.354815
14.354815
14.354815
14.354815
14.354815
14.354815
14.354815
14.354815
14.354815
14.354815
14.354815
14.354815
14.354815
14.354815
14.354815
14.354815
14.354815
14.354815
14.354815
14.354815
14.354815
14.354815
14.354815
14.354815
14.354815
14.354815
14.354815
14.354815
14.354815
14.354815
13.977659
13.977659
13.977659
13.977659
13.977659
13.977659
13.977659
13.977659
13.977659
13.977659
13.977659
13.977659
13.977659
13.977659
13.977659
13.977659
13.977659
13.977659
13.977659
13.977659
13.977659
13.977659
13.977659
13.977659
13.977659
13.977659
13.977659
13.977659
13.977659
13.977659
13.977659
13.977659
13.977659
13.977659
13.977659
13.977659
13.977659
13.977659
13.977659
13.977659
13.977659
13.977659
13.977659
13.977659
13.977659
13.977659
13.977659
13.977659
13.977659
13.977659
13.977659
13.977659
13.977659
13.977659
13.977659
13.977659
13.977659
13.977659
13.977659
13.977659
13.977659
13.977659
13.977659
13.977659
13.977659
13.977659
13.977659
13.977659
13.977659
13.977659
13.977659
13.977659
13.977659
13.977659
13.977659
13.977659
13.977659
13.977659
13.977659
13.977659
13.977659
13.977659
13.977659
13.977659
13.977659
13.977659
13.977659
13.977659
13.977659
13.977659
13.977659
13.977659
13.977659
13.977659
13.977659
13.977659
13.977659
13.977659
13.977659
13.977659
13.591628
13.591628
13.591628
13.591628
13.591628
13.591628
13.591628
13.591628
13.591628
13.591628
13.591628
13.591628
13.591628
13.591628
13.591628
13.591628
13.591628
13.591628
13.591628
13.591628
13.591628
13.591628
13.591628
13.591628
13.591628
13.591628
13.591628
13.591628
13.591628
13.591628
13.591628
13.591628
13.591628
13.591628
13.591628
13.591628
13.591628
13.591628
13.591628
13.591628
13.591628
13.591628
13.591628
13.591628
13.591628
13.591628
13.591628
13.591628
13.591628
13.591628
13.591628
13.591628
13.591628
13.591628
13.591628
13.591628
13.591628
13.591628
13.591628
13.591628
13.591628
13.591628
13.591628
13.591628
13.591628
13.591628
13.591628
13.591628
13.591628
13.591628
13.591628
13.591628
13.591628
13.591628
13.591628
13.591628
13.591628
13.591628
13.591628
13.591628
13.591628
13.591628
13.591628
13.591628
13.591628
13.591628
13.591628
13.591628
13.591628
13.591628
13.591628
13.591628
13.591628
13.591628
13.591628
13.591628
13.591628
13.591628
13.591628
13.591628
13.196514
13.196514
13.196514
13.196514
13.196514
13.196514
13.196514
13.196514
13.196514
13.196514
13.196514
13.196514
13.196514
13.196514
13.196514
13.196514
13.196514
13.196514
13.196514
13.196514
13.196514
13.196514
13.196514
13.196514
13.196514
13.196514
13.196514
13.196514
13.196514
13.196514
13.196514
13.196514
13.196514
13.196514
13.196514
13.196514
13.196514
13.196514
13.196514
13.196514
13.196514
13.196514
13.196514
13.196514
13.196514
13.196514
13.196514
13.196514
13.196514
13.196514
13.196514
13.196514
13.196514
13.196514
13.196514
13.196514
13.196514
13.196514
13.196514
13.196514
13.196514
13.196514
13.196514
13.196514
13.196514
13.196514
13.196514
13.196514
13.196514
13.196514
13.196514
13.196514
13.196514
13.196514
13.196514
13.196514
13.196514
13.196514
13.196514
13.196514
13.196514
13.196514
13.196514
13.196514
13.196514
13.196514
13.196514
13.196514
13.196514
13.196514
13.196514
13.196514
13.196514
13.196514
13.196514
13.196514
13.196514
13.196514
13.196514
13.196514
12.792102
12.792102
12.792102
12.792102
12.792102
12.792102
12.792102
12.792102
12.792102
12.792102
12.792102
12.792102
12.792102
12.792102
12.792102
12.792102
12.792102
12.792102
12.792102
12.792102
12.792102
12.792102
12.792102
12.792102
12.792102
12.792102
12.792102
12.792102
12.792102
12.792102
12.792102
12.792102
12.792102
12.792102
12.792102
12.792102
12.792102
12.792102
12.792102
12.792102
12.792102
12.792102
12.792102
12.792102
12.792102
12.792102
12.792102
12.792102
12.792102
12.792102
12.792102
12.792102
12.792102
12.792102
12.792102
12.792102
12.792102
12.792102
12.792102
12.792102
12.792102
12.792102
12.792102
12.792102
12.792102
12.792102
12.792102
12.792102
12.792102
12.792102
12.792102
12.792102
12.792102
12.792102
12.792102
12.792102
12.792102
12.792102
12.792102
12.792102
12.792102
12.792102
12.792102
12.792102
12.792102
12.792102
12.792102
12.792102
12.792102
12.792102
12.792102
12.792102
12.792102
12.792102
12.792102
12.792102
12.792102
12.792102
12.792102
12.792102
12.378174
12.378174
12.378174
12.378174
12.378174
12.378174
12.378174
12.378174
12.378174
12.378174
12.378174
12.378174
12.378174
12.378174
12.378174
12.378174
12.378174
12.378174
12.378174
12.378174
12.378174
12.378174
12.378174
12.378174
12.378174
12.378174
12.378174
12.378174
12.378174
12.378174
12.378174
12.378174
12.378174
12.378174
12.378174
12.378174
12.378174
12.378174
12.378174
12.378174
12.378174
12.378174
12.378174
12.378174
12.378174
12.378174
12.378174
12.378174
12.378174
12.378174
12.378174
12.378174
12.378174
12.378174
12.378174
12.378174
12.378174
12.378174
12.378174
12.378174
12.378174
12.378174
12.378174
12.378174
12.378174
12.378174
12.378174
12.378174
12.378174
12.378174
12.378174
12.378174
12.378174
12.378174
12.378174
12.378174
12.378174
12.378174
12.378174
12.378174
12.378174
12.378174
12.378174
12.378174
12.378174
12.378174
12.378174
12.378174
12.378174
12.378174
12.378174
12.378174
12.378174
12.378174
12.378174
12.378174
12.378174
12.378174
12.378174
12.378174
11.954506
11.954506
11.954506
11.954506
11.954506
11.954506
11.954506
11.954506
11.954506
11.954506
11.954506
11.954506
11.954506
11.954506
11.954506
11.954506
11.954506
11.954506
11.954506
11.954506
11.954506
11.954506
11.954506
11.954506
11.954506
11.954506
11.954506
11.954506
11.954506
11.954506
11.954506
11.954506
11.954506
11.954506
11.954506
11.954506
11.954506
11.954506
11.954506
11.954506
11.954506
11.954506
11.954506
11.954506
11.954506
11.954506
11.954506
11.954506
11.954506
11.954506
11.954506
11.954506
11.954506
11.954506
11.954506
11.954506
11.954506
11.954506
11.954506
11.954506
11.954506
11.954506
11.954506
11.954506
11.954506
11.954506
11.954506
11.954506
11.954506
11.954506
11.954506
11.954506
11.954506
11.954506
11.954506
11.954506
11.954506
11.954506
11.954506
11.954506
11.954506
11.954506
11.954506
11.954506
11.954506
11.954506
11.954506
11.954506
11.954506
11.954506
11.954506
11.954506
11.954506
11.954506
11.954506
11.954506
11.954506
11.954506
11.954506
11.954506
11.520869
11.520869
11.520869
11.520869
11.520869
11.520869
11.520869
11.520869
11.520869
11.520869
11.520869
11.520869
11.520869
11.520869
11.520869
11.520869
11.520869
11.520869
11.520869
11.520869
11.520869
11.520869
11.520869
11.520869
11.520869
11.520869
11.520869
11.520869
11.520869
11.520869
11.520869
11.520869
11.520869
11.520869
11.520869
11.520869
11.520869
11.520869
11.520869
11.520869
11.520869
11.520869
11.520869
11.520869
11.520869
11.520869
11.520869
11.520869
11.520869
11.520869
11.520869
11.520869
11.520869
11.520869
11.520869
11.520869
11.520869
11.520869
11.520869
11.520869
11.520869
11.520869
11.520869
11.520869
11.520869
11.520869
11.520869
11.520869
11.520869
11.520869
11.520869
11.520869
11.520869
11.520869
11.520869
11.520869
11.520869
11.520869
11.520869
11.520869
11.520869
11.520869
11.520869
11.520869
11.520869
11.520869
11.520869
11.520869
11.520869
11.520869
11.520869
11.520869
11.520869
11.520869
11.520869
11.520869
11.520869
11.520869
11.520869
11.520869
11.077028
11.077028
11.077028
11.077028
11.077028
11.077028
11.077028
11.077028
11.077028
11.077028
11.077028
11.077028
11.077028
11.077028
11.077028
11.077028
11.077028
11.077028
11.077028
11.077028
11.077028
11.077028
11.077028
11.077028
11.077028
11.077028
11.077028
11.077028
11.077028
11.077028
11.077028
11.077028
11.077028
11.077028
11.077028
11.077028
11.077028
11.077028
11.077028
11.077028
11.077028
11.077028
11.077028
11.077028
11.077028
11.077028
11.077028
11.077028
11.077028
11.077028
11.077028
11.077028
11.077028
11.077028
11.077028
11.077028
11.077028
11.077028
11.077028
11.077028
11.077028
11.077028
11.077028
11.077028
11.077028
11.077028
11.077028
11.077028
11.077028
11.077028
11.077028
11.077028
11.077028
11.077028
11.077028
11.077028
11.077028
11.077028
11.077028
11.077028
11.077028
11.077028
11.077028
11.077028
11.077028
11.077028
11.077028
11.077028
11.077028
11.077028
11.077028
11.077028
11.077028
11.077028
11.077028
11.077028
11.077028
11.077028
11.077028
11.077028
10.622742
10.622742
10.622742
10.622742
10.622742
10.622742
10.622742
10.622742
10.622742
10.622742
10.622742
10.622742
10.622742
10.622742
10.622742
10.622742
10.622742
10.622742
10.622742
10.622742
10.622742
10.622742
10.622742
10.622742
10.622742
10.622742
10.622742
10.622742
10.622742
10.622742
10.622742
10.622742
10.622742
10.622742
10.622742
10.622742
10.622742
10.622742
10.622742
10.622742
10.622742
10.622742
10.622742
10.622742
10.622742
10.622742
10.622742
10.622742
10.622742
10.622742
10.622742
10.622742
10.622742
10.622742
10.622742
10.622742
10.622742
10.622742
10.622742
10.622742
10.622742
10.622742
10.622742
10.622742
10.622742
10.622742
10.622742
10.622742
10.622742
10.622742
10.622742
10.622742
10.622742
10.622742
10.622742
10.622742
10.622742
10.622742
10.622742
10.622742
10.622742
10.622742
10.622742
10.622742
10.622742
10.622742
10.622742
10.622742
10.622742
10.622742
10.622742
10.622742
10.622742
10.622742
10.622742
10.622742
10.622742
10.622742
10.622742
10.622742
10.157767
10.157767
10.157767
10.157767
10.157767
10.157767
10.157767
10.157767
10.157767
10.157767
10.157767
10.157767
10.157767
10.157767
10.157767
10.157767
10.157767
10.157767
10.157767
10.157767
10.157767
10.157767
10.157767
10.157767
10.157767
10.157767
10.157767
10.157767
10.157767
10.157767
10.157767
10.157767
10.157767
10.157767
10.157767
10.157767
10.157767
10.157767
10.157767
10.157767
10.157767
10.157767
10.157767
10.157767
10.157767
10.157767
10.157767
10.157767
10.157767
10.157767
10.157767
10.157767
10.157767
10.157767
10.157767
10.157767
10.157767
10.157767
10.157767
10.157767
10.157767
10.157767
10.157767
10.157767
10.157767
10.157767
10.157767
10.157767
10.157767
10.157767
10.157767
10.157767
10.157767
10.157767
10.157767
10.157767
10.157767
10.157767
10.157767
10.157767
10.157767
10.157767
10.157767
10.157767
10.157767
10.157767
10.157767
10.157767
10.157767
10.157767
10.157767
10.157767
10.157767
10.157767
10.157767
10.157767
10.157767
10.157767
10.157767
10.157767
9.6818506
9.6818506
9.6818506
9.6818506
9.6818506
9.6818506
9.6818506
9.6818506
9.6818506
9.6818506
9.6818506
9.6818506
9.6818506
9.6818506
9.6818506
9.6818506
9.6818506
9.6818506
9.6818506
9.6818506
9.6818506
9.6818506
9.6818506
9.6818506
9.6818506
9.6818506
9.6818506
9.6818506
9.6818506
9.6818506
9.6818506
9.6818506
9.6818506
9.6818506
9.6818506
9.6818506
9.6818506
9.6818506
9.6818506
9.6818506
9.6818506
9.6818506
9.6818506
9.6818506
9.6818506
9.6818506
9.6818506
9.6818506
9.6818506
9.6818506
9.6818506
9.6818506
9.6818506
9.6818506
9.6818506
9.6818506
9.6818506
9.6818506
9.6818506
9.6818506
9.6818506
9.6818506
9.6818506
9.6818506
9.6818506
9.6818506
9.6818506
9.6818506
9.6818506
9.6818506
9.6818506
9.6818506
9.6818506
9.6818506
9.6818506
9.6818506
9.6818506
9.6818506
9.6818506
9.6818506
9.6818506
9.6818506
9.6818506
9.6818506
9.6818506
9.6818506
9.6818506
9.6818506
9.6818506
9.6818506
9.6818506
9.6818506
9.6818506
9.6818506
9.6818506
9.6818506
9.6818506
9.6818506
9.6818506
9.6818506
9.1947353
9.1947353
9.1947353
9.1947353
9.1947353
9.1947353
9.1947353
9.1947353
9.1947353
9.1947353
9.1947353
9.1947353
9.1947353
9.1947353
9.1947353
9.1947353
9.1947353
9.1947353
9.1947353
9.1947353
9.1947353
9.1947353
9.1947353
9.1947353
9.1947353
9.1947353
9.1947353
9.1947353
9.1947353
9.1947353
9.1947353
9.1947353
9.1947353
9.1947353
9.1947353
9.1947353
9.1947353
9.1947353
9.1947353
9.1947353
9.1947353
9.1947353
9.1947353
9.1947353
9.1947353
9.1947353
9.1947353
9.1947353
9.1947353
9.1947353
9.1947353
9.1947353
9.1947353
9.1947353
9.1947353
9.1947353
9.1947353
9.1947353
9.1947353
9.1947353
9.1947353
9.1947353
9.1947353
9.1947353
9.1947353
9.1947353
9.1947353
9.1947353
9.1947353
9.1947353
9.1947353
9.1947353
9.1947353
9.1947353
9.1947353
9.1947353
9.1947353
9.1947353
9.1947353
9.1947353
9.1947353
9.1947353
9.1947353
9.1947353
9.1947353
9.1947353
9.1947353
9.1947353
9.1947353
9.1947353
9.1947353
9.1947353
9.1947353
9.1947353
9.1947353
9.1947353
9.1947353
9.1947353
9.1947353
9.1947353
8.6961577
8.6961577
8.6961577
8.6961577
8.6961577
8.6961577
8.6961577
8.6961577
8.6961577
8.6961577
8.6961577
8.6961577
8.6961577
8.6961577
8.6961577
8.6961577
8.6961577
8.6961577
8.6961577
8.6961577
8.6961577
8.6961577
8.6961577
8.6961577
8.6961577
8.6961577
8.6961577
8.6961577
8.6961577
8.6961577
8.6961577
8.6961577
8.6961577
8.6961577
8.6961577
8.6961577
8.6961577
8.6961577
8.6961577
8.6961577
8.6961577
8.6961577
8.6961577
8.6961577
8.6961577
8.6961577
8.6961577
8.6961577
8.6961577
8.6961577
8.6961577
8.6961577
8.6961577
8.6961577
8.6961577
8.6961577
8.6961577
8.6961577
8.6961577
8.6961577
8.6961577
8.6961577
8.6961577
8.6961577
8.6961577
8.6961577
8.6961577
8.6961577
8.6961577
8.6961577
8.6961577
8.6961577
8.6961577
8.6961577
8.6961577
8.6961577
8.6961577
8.6961577
8.6961577
8.6961577
8.6961577
8.6961577
8.6961577
8.6961577
8.6961577
8.6961577
8.6961577
8.6961577
8.6961577
8.6961577
8.6961577
8.6961577
8.6961577
8.6961577
8.6961577
8.6961577
8.6961577
8.6961577
8.6961577
8.6961577
8.185848
8.185848
8.185848
8.185848
8.185848
8.185848
8.185848
8.185848
8.185848
8.185848
8.185848
8.185848
8.185848
8.185848
8.185848
8.185848
8.185848
8.185848
8.185848
8.185848
8.185848
8.185848
8.185848
8.185848
8.185848
8.185848
8.185848
8.185848
8.185848
8.185848
8.185848
8.185848
8.185848
8.185848
8.185848
8.185848
8.185848
8.185848
8.185848
8.185848
8.185848
8.185848
8.185848
8.185848
8.185848
8.185848
8.185848
8.185848
8.185848
8.185848
8.185848
8.185848
8.185848
8.185848
8.185848
8.185848
8.185848
8.185848
8.185848
8.185848
8.185848
8.185848
8.185848
8.185848
8.185848
8.185848
8.185848
8.185848
8.185848
8.185848
8.185848
8.185848
8.185848
8.185848
8.185848
8.185848
8.185848
8.185848
8.185848
8.185848
8.185848
8.185848
8.185848
8.185848
8.185848
8.185848
8.185848
8.185848
8.185848
8.185848
8.185848
8.185848
8.185848
8.185848
8.185848
8.185848
8.185848
8.185848
8.185848
8.185848
7.6635302
7.6635302
7.6635302
7.6635302
7.6635302
7.6635302
7.6635302
7.6635302
7.6635302
7.6635302
7.6635302
7.6635302
7.6635302
7.6635302
7.6635302
7.6635302
7.6635302
7.6635302
7.6635302
7.6635302
7.6635302
7.6635302
7.6635302
7.6635302
7.6635302
7.6635302
7.6635302
7.6635302
7.6635302
7.6635302
7.6635302
7.6635302
7.6635302
7.6635302
7.6635302
7.6635302
7.6635302
7.6635302
7.6635302
7.6635302
7.6635302
7.6635302
7.6635302
7.6635302
7.6635302
7.6635302
7.6635302
7.6635302
7.6635302
7.6635302
7.6635302
7.6635302
7.6635302
7.6635302
7.6635302
7.6635302
7.6635302
7.6635302
7.6635302
7.6635302
7.6635302
7.6635302
7.6635302
7.6635302
7.6635302
7.6635302
7.6635302
7.6635302
7.6635302
7.6635302
7.6635302
7.6635302
7.6635302
7.6635302
7.6635302
7.6635302
7.6635302
7.6635302
7.6635302
7.6635302
7.6635302
7.6635302
7.6635302
7.6635302
7.6635302
7.6635302
7.6635302
7.6635302
7.6635302
7.6635302
7.6635302
7.6635302
7.6635302
7.6635302
7.6635302
7.6635302
7.6635302
7.6635302
7.6635302
7.6635302
7.1289218
7.1289218
7.1289218
7.1289218
7.1289218
7.1289218
7.1289218
7.1289218
7.1289218
7.1289218
7.1289218
7.1289218
7.1289218
7.1289218
7.1289218
7.1289218
7.1289218
7.1289218
7.1289218
7.1289218
7.1289218
7.1289218
7.1289218
7.1289218
7.1289218
7.1289218
7.1289218
7.1289218
7.1289218
7.1289218
7.1289218
7.1289218
7.1289218
7.1289218
7.1289218
7.1289218
7.1289218
7.1289218
7.1289218
7.1289218
7.1289218
7.1289218
7.1289218
7.1289218
7.1289218
7.1289218
7.1289218
7.1289218
7.1289218
7.1289218
7.1289218
7.1289218
7.1289218
7.1289218
7.1289218
7.1289218
7.1289218
7.1289218
7.1289218
7.1289218
7.1289218
7.1289218
7.1289218
7.1289218
7.1289218
7.1289218
7.1289218
7.1289218
7.1289218
7.1289218
7.1289218
7.1289218
7.1289218
7.1289218
7.1289218
7.1289218
7.1289218
7.1289218
7.1289218
7.1289218
7.1289218
7.1289218
7.1289218
7.1289218
7.1289218
7.1289218
7.1289218
7.1289218
7.1289218
7.1289218
7.1289218
7.1289218
7.1289218
7.1289218
7.1289218
7.1289218
7.1289218
7.1289218
7.1289218
7.1289218
6.5817335
6.5817335
6.5817335
6.5817335
6.5817335
6.5817335
6.5817335
6.5817335
6.5817335
6.5817335
6.5817335
6.5817335
6.5817335
6.5817335
6.5817335
6.5817335
6.5817335
6.5817335
6.5817335
6.5817335
6.5817335
6.5817335
6.5817335
6.5817335
6.5817335
6.5817335
6.5817335
6.5817335
6.5817335
6.5817335
6.5817335
6.5817335
6.5817335
6.5817335
6.5817335
6.5817335
6.5817335
6.5817335
6.5817335
6.5817335
6.5817335
6.5817335
6.5817335
6.5817335
6.5817335
6.5817335
6.5817335
6.5817335
6.5817335
6.5817335
6.5817335
6.5817335
6.5817335
6.5817335
6.5817335
6.5817335
6.5817335
6.5817335
6.5817335
6.5817335
6.5817335
6.5817335
6.5817335
6.5817335
6.5817335
6.5817335
6.5817335
6.5817335
6.5817335
6.5817335
6.5817335
6.5817335
6.5817335
6.5817335
6.5817335
6.5817335
6.5817335
6.5817335
6.5817335
6.5817335
6.5817335
6.5817335
6.5817335
6.5817335
6.5817335
6.5817335
6.5817335
6.5817335
6.5817335
6.5817335
6.5817335
6.5817335
6.5817335
6.5817335
6.5817335
6.5817335
6.5817335
6.5817335
6.5817335
6.5817335
6.0216692
6.0216692
6.0216692
6.0216692
6.0216692
6.0216692
6.0216692
6.0216692
6.0216692
6.0216692
6.0216692
6.0216692
6.0216692
6.0216692
6.0216692
6.0216692
6.0216692
6.0216692
6.0216692
6.0216692
6.0216692
6.0216692
6.0216692
6.0216692
6.0216692
6.0216692
6.0216692
6.0216692
6.0216692
6.0216692
6.0216692
6.0216692
6.0216692
6.0216692
6.0216692
6.0216692
6.0216692
6.0216692
6.0216692
6.0216692
6.0216692
6.0216692
6.0216692
6.0216692
6.0216692
6.0216692
6.0216692
6.0216692
6.0216692
6.0216692
6.0216692
6.0216692
6.0216692
6.0216692
6.0216692
6.0216692
6.0216692
6.0216692
6.0216692
6.0216692
6.0216692
6.0216692
6.0216692
6.0216692
6.0216692
6.0216692
6.0216692
6.0216692
6.0216692
6.0216692
6.0216692
6.0216692
6.0216692
6.0216692
6.0216692
6.0216692
6.0216692
6.0216692
6.0216692
6.0216692
6.0216692
6.0216692
6.0216692
6.0216692
6.0216692
6.0216692
6.0216692
6.0216692
6.0216692
6.0216692
6.0216692
6.0216692
6.0216692
6.0216692
6.0216692
6.0216692
6.0216692
6.0216692
6.0216692
6.0216692
5.4484261
5.4484261
5.4484261
5.4484261
5.4484261
5.4484261
5.4484261
5.4484261
5.4484261
5.4484261
5.4484261
5.4484261
5.4484261
5.4484261
5.4484261
5.4484261
5.4484261
5.4484261
5.4484261
5.4484261
5.4484261
5.4484261
5.4484261
5.4484261
5.4484261
5.4484261
5.4484261
5.4484261
5.4484261
5.4484261
5.4484261
5.4484261
5.4484261
5.4484261
5.4484261
5.4484261
5.4484261
5.4484261
5.4484261
5.4484261
5.4484261
5.4484261
5.4484261
5.4484261
5.4484261
5.4484261
5.4484261
5.4484261
5.4484261
5.4484261
5.4484261
5.4484261
5.4484261
5.4484261
5.4484261
5.4484261
5.4484261
5.4484261
5.4484261
5.4484261
5.4484261
5.4484261
5.4484261
5.4484261
5.4484261
5.4484261
5.4484261
5.4484261
5.4484261
5.4484261
5.4484261
5.4484261
5.4484261
5.4484261
5.4484261
5.4484261
5.4484261
5.4484261
5.4484261
5.4484261
5.4484261
5.4484261
5.4484261
5.4484261
5.4484261
5.4484261
5.4484261
5.4484261
5.4484261
5.4484261
5.4484261
5.4484261
5.4484261
5.4484261
5.4484261
5.4484261
5.4484261
5.4484261
5.4484261
5.4484261
4.861694
4.861694
4.861694
4.861694
4.861694
4.861694
4.861694
4.861694
4.861694
4.861694
4.861694
4.861694
4.861694
4.861694
4.861694
4.861694
4.861694
4.861694
4.861694
4.861694
4.861694
4.861694
4.861694
4.861694
4.861694
4.861694
4.861694
4.861694
4.861694
4.861694
4.861694
4.861694
4.861694
4.861694
4.861694
4.861694
4.861694
4.861694
4.861694
4.861694
4.861694
4.861694
4.861694
4.861694
4.861694
4.861694
4.861694
4.861694
4.861694
4.861694
4.861694
4.861694
4.861694
4.861694
4.861694
4.861694
4.861694
4.861694
4.861694
4.861694
4.861694
4.861694
4.861694
4.861694
4.861694
4.861694
4.861694
4.861694
4.861694
4.861694
4.861694
4.861694
4.861694
4.861694
4.861694
4.861694
4.861694
4.861694
4.861694
4.861694
4.861694
4.861694
4.861694
4.861694
4.861694
4.861694
4.861694
4.861694
4.861694
4.861694
4.861694
4.861694
4.861694
4.861694
4.861694
4.861694
4.861694
4.861694
4.861694
4.861694
4.2611555
4.2611555
4.2611555
4.2611555
4.2611555
4.2611555
4.2611555
4.2611555
4.2611555
4.2611555
4.2611555
4.2611555
4.2611555
4.2611555
4.2611555
4.2611555
4.2611555
4.2611555
4.2611555
4.2611555
4.2611555
4.2611555
4.2611555
4.2611555
4.2611555
4.2611555
4.2611555
4.2611555
4.2611555
4.2611555
4.2611555
4.2611555
4.2611555
4.2611555
4.2611555
4.2611555
4.2611555
4.2611555
4.2611555
4.2611555
4.2611555
4.2611555
4.2611555
4.2611555
4.2611555
4.2611555
4.2611555
4.2611555
4.2611555
4.2611555
4.2611555
4.2611555
4.2611555
4.2611555
4.2611555
4.2611555
4.2611555
4.2611555
4.2611555
4.2611555
4.2611555
4.2611555
4.2611555
4.2611555
4.2611555
4.2611555
4.2611555
4.2611555
4.2611555
4.2611555
4.2611555
4.2611555
4.2611555
4.2611555
4.2611555
4.2611555
4.2611555
4.2611555
4.2611555
4.2611555
4.2611555
4.2611555
4.2611555
4.2611555
4.2611555
4.2611555
4.2611555
4.2611555
4.2611555
4.2611555
4.2611555
4.2611555
4.2611555
4.2611555
4.2611555
4.2611555
4.2611555
4.2611555
4.2611555
4.2611555
3.6464857
3.6464857
3.6464857
3.6464857
3.6464857
3.6464857
3.6464857
3.6464857
3.6464857
3.6464857
3.6464857
3.6464857
3.6464857
3.6464857
3.6464857
3.6464857
3.6464857
3.6464857
3.6464857
3.6464857
3.6464857
3.6464857
3.6464857
3.6464857
3.6464857
3.6464857
3.6464857
3.6464857
3.6464857
3.6464857
3.6464857
3.6464857
3.6464857
3.6464857
3.6464857
3.6464857
3.6464857
3.6464857
3.6464857
3.6464857
3.6464857
3.6464857
3.6464857
3.6464857
3.6464857
3.6464857
3.6464857
3.6464857
3.6464857
3.6464857
3.6464857
3.6464857
3.6464857
3.6464857
3.6464857
3.6464857
3.6464857
3.6464857
3.6464857
3.6464857
3.6464857
3.6464857
3.6464857
3.6464857
3.6464857
3.6464857
3.6464857
3.6464857
3.6464857
3.6464857
3.6464857
3.6464857
3.6464857
3.6464857
3.6464857
3.6464857
3.6464857
3.6464857
3.6464857
3.6464857
3.6464857
3.6464857
3.6464857
3.6464857
3.6464857
3.6464857
3.6464857
3.6464857
3.6464857
3.6464857
3.6464857
3.6464857
3.6464857
3.6464857
3.6464857
3.6464857
3.6464857
3.6464857
3.6464857
3.6464857
3.0173521
3.0173521
3.0173521
3.0173521
3.0173521
3.0173521
3.0173521
3.0173521
3.0173521
3.0173521
3.0173521
3.0173521
3.0173521
3.0173521
3.0173521
3.0173521
3.0173521
3.0173521
3.0173521
3.0173521
3.0173521
3.0173521
3.0173521
3.0173521
3.0173521
3.0173521
3.0173521
3.0173521
3.0173521
3.0173521
3.0173521
3.0173521
3.0173521
3.0173521
3.0173521
3.0173521
3.0173521
3.0173521
3.0173521
3.0173521
3.0173521
3.0173521
3.0173521
3.0173521
3.0173521
3.0173521
3.0173521
3.0173521
3.0173521
3.0173521
3.0173521
3.0173521
3.0173521
3.0173521
3.0173521
3.0173521
3.0173521
3.0173521
3.0173521
3.0173521
3.0173521
3.0173521
3.0173521
3.0173521
3.0173521
3.0173521
3.0173521
3.0173521
3.0173521
3.0173521
3.0173521
3.0173521
3.0173521
3.0173521
3.0173521
3.0173521
3.0173521
3.0173521
3.0173521
3.0173521
3.0173521
3.0173521
3.0173521
3.0173521
3.0173521
3.0173521
3.0173521
3.0173521
3.0173521
3.0173521
3.0173521
3.0173521
3.0173521
3.0173521
3.0173521
3.0173521
3.0173521
3.0173521
3.0173521
3.0173521
2.3734143
2.3734143
2.3734143
2.3734143
2.3734143
2.3734143
2.3734143
2.3734143
2.3734143
2.3734143
2.3734143
2.3734143
2.3734143
2.3734143
2.3734143
2.3734143
2.3734143
2.3734143
2.3734143
2.3734143
2.3734143
2.3734143
2.3734143
2.3734143
2.3734143
2.3734143
2.3734143
2.3734143
2.3734143
2.3734143
2.3734143
2.3734143
2.3734143
2.3734143
2.3734143
2.3734143
2.3734143
2.3734143
2.3734143
2.3734143
2.3734143
2.3734143
2.3734143
2.3734143
2.3734143
2.3734143
2.3734143
2.3734143
2.3734143
2.3734143
2.3734143
2.3734143
2.3734143
2.3734143
2.3734143
2.3734143
2.3734143
2.3734143
2.3734143
2.3734143
2.3734143
2.3734143
2.3734143
2.3734143
2.3734143
2.3734143
2.3734143
2.3734143
2.3734143
2.3734143
2.3734143
2.3734143
2.3734143
2.3734143
2.3734143
2.3734143
2.3734143
2.3734143
2.3734143
2.3734143
2.3734143
2.3734143
2.3734143
2.3734143
2.3734143
2.3734143
2.3734143
2.3734143
2.3734143
2.3734143
2.3734143
2.3734143
2.3734143
2.3734143
2.3734143
2.3734143
2.3734143
2.3734143
2.3734143
2.3734143
1.714324
1.714324
1.714324
1.714324
1.714324
1.714324
1.714324
1.714324
1.714324
1.714324
1.714324
1.714324
1.714324
1.714324
1.714324
1.714324
1.714324
1.714324
1.714324
1.714324
1.714324
1.714324
1.714324
1.714324
1.714324
1.714324
1.714324
1.714324
1.714324
1.714324
1.714324
1.714324
1.714324
1.714324
1.714324
1.714324
1.714324
1.714324
1.714324
1.714324
1.714324
1.714324
1.714324
1.714324
1.714324
1.714324
1.714324
1.714324
1.714324
1.714324
1.714324
1.714324
1.714324
1.714324
1.714324
1.714324
1.714324
1.714324
1.714324
1.714324
1.714324
1.714324
1.714324
1.714324
1.714324
1.714324
1.714324
1.714324
1.714324
1.714324
1.714324
1.714324
1.714324
1.714324
1.714324
1.714324
1.714324
1.714324
1.714324
1.714324
1.714324
1.714324
1.714324
1.714324
1.714324
1.714324
1.714324
1.714324
1.714324
1.714324
1.714324
1.714324
1.714324
1.714324
1.714324
1.714324
1.714324
1.714324
1.714324
1.714324
1.0397247
1.0397247
1.0397247
1.0397247
1.0397247
1.0397247
1.0397247
1.0397247
1.0397247
1.0397247
1.0397247
1.0397247
1.0397247
1.0397247
1.0397247
1.0397247
1.0397247
1.0397247
1.0397247
1.0397247
1.0397247
1.0397247
1.0397247
1.0397247
1.0397247
1.0397247
1.0397247
1.0397247
1.0397247
1.0397247
1.0397247
1.0397247
1.0397247
1.0397247
1.0397247
1.0397247
1.0397247
1.0397247
1.0397247
1.0397247
1.0397247
1.0397247
1.0397247
1.0397247
1.0397247
1.0397247
1.0397247
1.0397247
1.0397247
1.0397247
1.0397247
1.0397247
1.0397247
1.0397247
1.0397247
1.0397247
1.0397247
1.0397247
1.0397247
1.0397247
1.0397247
1.0397247
1.0397247
1.0397247
1.0397247
1.0397247
1.0397247
1.0397247
1.0397247
1.0397247
1.0397247
1.0397247
1.0397247
1.0397247
1.0397247
1.0397247
1.0397247
1.0397247
1.0397247
1.0397247
1.0397247
1.0397247
1.0397247
1.0397247
1.0397247
1.0397247
1.0397247
1.0397247
1.0397247
1.0397247
1.0397247
1.0397247
1.0397247
1.0397247
1.0397247
1.0397247
1.0397247
1.0397247
1.0397247
1.0397247
0.34925133
0.34925133
0.34925133
0.34925133
0.34925133
0.34925133
0.34925133
0.34925133
0.34925133
0.34925133
0.34925133
0.34925133
0.34925133
0.34925133
0.34925133
0.34925133
0.34925133
0.34925133
0.34925133
0.34925133
0.34925133
0.34925133
0.34925133
0.34925133
0.34925133
0.34925133
0.34925133
0.34925133
0.34925133
0.34925133
0.34925133
0.34925133
0.34925133
0.34925133
0.34925133
0.34925133
0.34925133
0.34925133
0.34925133
0.34925133
0.34925133
0.34925133
0.34925133
0.34925133
0.34925133
0.34925133
0.34925133
0.34925133
0.34925133
0.34925133
0.34925133
0.34925133
0.34925133
0.34925133
0.34925133
0.34925133
0.34925133
0.34925133
0.34925133
0.34925133
0.34925133
0.34925133
0.34925133
0.34925133
0.34925133
0.34925133
0.34925133
0.34925133
0.34925133
0.34925133
0.34925133
0.34925133
0.34925133
0.34925133
0.34925133
0.34925133
0.34925133
0.34925133
0.34925133
0.34925133
0.34925133
0.34925133
0.34925133
0.34925133
0.34925133
0.34925133
0.34925133
0.34925133
0.34925133
0.34925133
0.34925133
0.34925133
0.34925133
0.34925133
0.34925133
0.34925133
0.34925133
0.34925133
0.34925133
0.34925133
)
;

boundaryField
{
    inlet
    {
        type            zeroGradient;
    }
    outlet
    {
        type            fixedValue;
        value           uniform 0;
    }
    walls
    {
        type            zeroGradient;
    }
}


// ************************************************************************* //
