/*--------------------------------*- C++ -*----------------------------------*\
| =========                 |                                                 |
| \\      /  F ield         | OpenFOAM: The Open Source CFD Toolbox           |
|  \\    /   O peration     | Version:  dev                                   |
|   \\  /    A nd           | Web:      www.OpenFOAM.org                      |
|    \\/     M anipulation  |                                                 |
\*---------------------------------------------------------------------------*/
FoamFile
{
    version     2.0;
    format      ascii;
    class       volScalarField;
    location    "7.765";
    object      p;
}
// * * * * * * * * * * * * * * * * * * * * * * * * * * * * * * * * * * * * * //

dimensions      [0 2 -2 0 0 0 0];

internalField   nonuniform List<scalar> 
10000
(
24.381466
25.62304
25.680202
25.753856
25.838811
26.009361
26.252819
26.839261
27.497121
33.133686
25.623041
26.634975
26.552799
26.567411
26.613668
26.753408
26.955294
27.506301
28.130473
33.920499
25.680205
26.552801
26.405808
26.382063
26.402438
26.526253
26.714442
27.27265
27.90662
33.800675
25.75386
26.567415
26.382065
26.329597
26.330986
26.444455
26.628426
27.197452
27.852084
33.804171
25.838817
26.613672
26.402441
26.330987
26.321407
26.430841
26.616901
27.198829
27.873585
33.864809
26.009366
26.753412
26.526256
26.444456
26.430841
26.54044
26.730848
27.323407
28.014255
34.036363
26.252823
26.955298
26.714443
26.628426
26.6169
26.730847
26.928643
27.532066
28.24272
34.306183
26.839264
27.506303
27.272649
27.19745
27.198826
27.323405
27.532064
28.143226
28.864903
34.965438
27.497121
28.130473
27.906618
27.852081
27.873581
28.01425
28.242717
28.864901
29.632406
35.802933
33.133686
33.920498
33.800672
33.804167
33.864803
34.036358
34.306178
34.965435
35.802932
41.901048
24.971156
25.732232
25.801283
25.879924
25.96855
26.143806
26.394686
26.994704
27.634738
31.9515
25.732234
26.461024
26.436941
26.470789
26.528627
26.679537
26.896946
27.470134
28.081116
32.446536
25.801286
26.436943
26.362219
26.364307
26.400081
26.537661
26.743004
27.323041
27.935234
32.369208
25.879929
26.470793
26.364309
26.34124
26.360007
26.488191
26.68916
27.27797
27.904445
32.381384
25.968556
26.528632
26.400084
26.360008
26.368792
26.493248
26.695861
27.295926
27.938553
32.446402
26.143812
26.679542
26.537664
26.488192
26.493248
26.617869
26.824527
27.434276
28.090404
32.622675
26.39469
26.896949
26.743005
26.68916
26.695859
26.824526
27.038482
27.65893
28.33339
32.899226
26.994707
27.470136
27.323041
27.277968
27.295923
27.434273
27.658928
28.287645
28.973265
33.568381
27.634739
28.081116
27.935232
27.904441
27.938548
28.090399
28.333386
28.973264
29.707659
34.357323
31.9515
32.446535
32.369205
32.381379
32.446396
32.622669
32.899221
33.568378
34.357321
38.946232
25.420164
25.829875
25.898989
25.983125
26.075787
26.255894
26.510643
27.116196
27.69527
30.910792
25.829876
26.310833
26.328615
26.38261
26.45219
26.614178
26.842509
27.42862
27.97433
31.154409
25.898992
26.328617
26.311649
26.341319
26.393126
26.544705
26.762636
27.355166
27.893731
31.11467
25.983131
26.382614
26.341321
26.34994
26.387044
26.530358
26.743726
27.342802
27.888934
31.138348
26.075794
26.452195
26.393129
26.387045
26.415351
26.555333
26.769849
27.378388
27.936373
31.208793
26.2559
26.614183
26.544708
26.530359
26.555333
26.695483
26.91365
27.530744
28.099331
31.389898
26.510648
26.842513
26.762638
26.743725
26.769848
26.913648
27.138925
27.766395
28.351708
31.668862
27.116199
27.428622
27.355166
27.3428
27.378385
27.53074
27.766393
28.402471
28.99869
32.337433
27.69527
27.974329
27.893728
27.88893
27.936368
28.099326
28.351704
28.998688
29.644623
33.02779
30.910791
31.154408
31.114666
31.138343
31.208787
31.389892
31.668857
32.33743
33.027789
36.413986
25.643871
25.885157
25.94893
26.034029
26.129554
26.311597
26.564252
27.149938
27.661613
30.11167
25.885159
26.215322
26.25473
26.321071
26.399663
26.568302
26.79934
27.369459
27.839963
30.207689
25.948934
26.254732
26.271871
26.320244
26.384799
26.545446
26.767321
27.342852
27.800551
30.192916
26.034034
26.321075
26.320246
26.351388
26.40343
26.556897
26.774112
27.354236
27.814296
30.224454
26.129561
26.399668
26.384803
26.403431
26.44783
26.598365
26.816305
27.404267
27.872656
30.299774
26.311604
26.568307
26.545449
26.556898
26.598365
26.749069
26.970258
27.565679
28.042259
30.482803
26.564257
26.799344
26.767323
26.774112
26.816303
26.970257
27.198245
27.80354
28.295393
30.757621
27.149941
27.36946
27.342851
27.354234
27.404263
27.565675
27.803538
28.417466
28.92005
31.399218
27.661614
27.839962
27.800549
27.814292
27.87265
28.042253
28.295389
28.920048
29.471147
31.991731
30.11167
30.207687
30.192912
30.224448
30.299767
30.482796
30.757615
31.399215
31.99173
34.590693
25.753904
25.915035
25.973198
26.056438
26.153485
26.334245
26.579867
27.127177
27.575247
29.462602
25.915036
26.15414
26.203992
26.276659
26.361612
26.532518
26.759929
27.293364
27.694174
29.477278
25.973202
26.203995
26.240589
26.300431
26.374485
26.539315
26.75851
27.296098
27.680543
29.477653
26.056444
26.276664
26.300433
26.346453
26.41001
26.568667
26.783199
27.323734
27.706589
29.513626
26.153492
26.361618
26.374488
26.410012
26.467013
26.623122
26.838022
27.384965
27.773312
29.592614
26.334252
26.532523
26.539319
26.568668
26.623121
26.779397
26.997157
27.550554
27.945138
29.77432
26.579872
26.759933
26.758512
26.783198
26.838021
26.997156
27.221319
27.784004
28.192512
30.039871
27.12718
27.293366
27.296098
27.323731
27.384961
27.55055
27.784001
28.355228
28.774482
30.636628
27.575248
27.694174
27.68054
27.706585
27.773306
27.945132
28.192507
28.77448
29.240114
31.144384
29.462601
29.477276
29.477649
29.51362
29.592607
29.774313
30.039865
30.636624
31.144382
33.181111
25.818489
25.93367
25.986883
26.067274
26.16461
26.341262
26.576197
27.07551
27.463244
28.912972
25.933672
26.111834
26.166077
26.241566
26.330587
26.500109
26.719455
27.205836
27.543213
28.881259
25.986887
26.166079
26.213405
26.280137
26.360873
26.525853
26.737787
27.227033
27.546012
28.890033
26.067281
26.24157
26.280139
26.336021
26.408085
26.567809
26.775146
27.265912
27.580364
28.928343
26.164617
26.330593
26.360877
26.408087
26.474603
26.632135
26.839544
27.335419
27.653106
29.009582
26.341269
26.500115
26.525856
26.56781
26.632135
26.789828
26.99973
27.501127
27.823495
29.187122
26.576203
26.719459
26.737789
26.775146
26.839542
26.999728
27.215597
27.725659
28.060752
29.439867
27.075514
27.205838
27.227032
27.265909
27.335415
27.501123
27.725657
28.244092
28.589992
29.983253
27.463245
27.543212
27.546009
27.580359
27.653099
27.823489
28.060747
28.58999
28.979926
30.416986
28.912971
28.881257
28.890029
28.928337
29.009574
29.187115
29.439861
29.98325
30.416985
32.015855
25.860565
25.946241
25.995192
26.07241
26.168871
26.339012
26.560451
27.007543
27.338574
28.444708
25.946243
26.080847
26.135743
26.211769
26.302775
26.46786
26.675883
27.110774
27.391193
28.387061
25.995196
26.135746
26.187956
26.25832
26.343159
26.504914
26.706253
27.142833
27.40398
28.399641
26.072416
26.211774
26.258323
26.320339
26.398112
26.555428
26.752294
27.189193
27.443709
28.438856
26.168878
26.302781
26.343163
26.398113
26.471247
26.626692
26.823384
27.264242
27.520219
28.520848
26.339019
26.467866
26.504917
26.555429
26.626692
26.782287
26.981135
27.426676
27.686104
28.691801
26.560457
26.675887
26.706255
26.752294
26.823383
26.981134
27.185496
27.639076
27.910119
28.929264
27.007547
27.110776
27.142833
27.189191
27.264238
27.426672
27.639073
28.100864
28.382833
29.416117
27.338575
27.391193
27.403977
27.443704
27.520213
27.686098
27.910114
28.382831
28.706315
29.784817
28.444707
28.387059
28.399637
28.438849
28.52084
28.691793
28.929258
29.416114
29.784816
31.035978
25.887855
25.954015
25.999374
26.073241
26.167726
26.329383
26.535261
26.929164
27.208153
28.046017
25.954016
26.05659
26.109785
26.184652
26.275743
26.433888
26.628231
27.010712
27.241109
27.975572
25.999378
26.109787
26.162852
26.234285
26.320867
26.476608
26.664954
27.048126
27.259277
27.988913
26.073247
26.184657
26.234287
26.2994
26.380286
26.532294
26.716351
27.098875
27.302013
28.027886
26.167734
26.275749
26.320871
26.380287
26.457331
26.607749
26.791436
27.176925
27.380171
28.109152
26.329391
26.433894
26.476611
26.532295
26.607749
26.75831
26.943846
27.333288
27.539038
28.271541
26.535267
26.628235
26.664956
26.71635
26.791434
26.943844
27.134437
27.531313
27.747655
28.492029
26.929168
27.010714
27.048126
27.098872
27.176921
27.333284
27.531311
27.936242
28.163611
28.922349
27.208154
27.241109
27.259274
27.302008
27.380165
27.539032
27.74765
28.163608
28.42984
29.234434
28.046017
27.97557
27.988909
28.02788
28.109145
28.271533
28.492023
28.922345
29.234432
30.210203
25.904245
25.95712
25.999447
26.069815
26.161319
26.312971
26.501925
26.843951
27.076171
27.705541
25.957122
26.035569
26.085653
26.15808
26.247593
26.396854
26.575954
26.907495
27.094785
27.630654
25.999451
26.085655
26.136899
26.207386
26.293637
26.441183
26.61494
26.946383
27.115131
27.642847
26.069822
26.158085
26.207389
26.273137
26.354824
26.499238
26.668933
26.998992
27.158953
27.680645
26.161327
26.247599
26.293641
26.354826
26.433349
26.576413
26.745592
27.077781
27.236858
27.759818
26.312978
26.39686
26.441187
26.49924
26.576413
26.719607
26.89037
27.225887
27.386761
27.912119
26.501931
26.575959
26.614942
26.668933
26.745591
26.890368
27.065746
27.408124
27.578651
28.114631
26.843955
26.907497
26.946383
26.99899
27.077777
27.225883
27.408122
27.758385
27.939967
28.490534
27.076172
27.094784
27.115129
27.158948
27.236852
27.386755
27.578647
27.939964
28.157669
28.753778
27.705541
27.630652
27.642843
27.680639
27.759811
27.912111
28.114625
28.49053
28.753776
29.511906
25.911813
25.955234
25.994916
26.06164
26.149287
26.289853
26.461168
26.754214
26.945092
27.413056
25.955236
26.015061
26.061256
26.130293
26.216826
26.355804
26.518797
26.80247
26.953116
27.338812
25.99492
26.061258
26.109002
26.177007
26.261174
26.398934
26.557211
26.840208
26.973495
27.348777
26.061646
26.130298
26.177009
26.241458
26.321973
26.457101
26.611582
26.892673
27.016889
27.384665
26.149295
26.216832
26.261178
26.321975
26.39989
26.533866
26.687733
26.97027
27.092911
27.460558
26.289861
26.35581
26.398938
26.457102
26.533866
26.667959
26.823182
27.108524
27.232453
27.601693
26.461174
26.518801
26.557213
26.611582
26.687731
26.823181
26.982603
27.274266
27.406986
27.785827
26.754218
26.802472
26.840207
26.892671
26.970266
27.108521
27.274263
27.573617
27.71731
28.11082
26.945093
26.953115
26.973492
27.016884
27.092905
27.232447
27.406982
27.717307
27.894336
28.332152
27.413056
27.33881
27.348773
27.384658
27.46055
27.601686
27.785821
28.110816
28.33215
28.918542
25.911426
25.947799
25.985061
26.047989
26.131038
26.259858
26.413375
26.661343
26.816196
27.15988
25.9478
25.992986
26.034918
26.099879
26.1823
26.31009
26.456695
26.696536
26.816372
27.089228
25.985065
26.03492
26.078193
26.142581
26.22325
26.350166
26.49266
26.731443
26.835409
27.096467
26.047995
26.099883
26.142584
26.204263
26.281991
26.406684
26.545678
26.782224
26.877213
27.129891
26.131045
26.182306
26.223253
26.281992
26.357575
26.481281
26.619601
26.857049
26.950019
27.201533
26.259865
26.310096
26.35017
26.406686
26.481281
26.60509
26.744577
26.984398
27.078299
27.330846
26.413381
26.456699
26.492662
26.545678
26.6196
26.744576
26.887874
27.133508
27.235408
27.496684
26.661347
26.696539
26.731443
26.782221
26.857045
26.984394
27.133506
27.386603
27.49927
27.77509
26.816197
26.816372
26.835407
26.877208
26.950012
27.078293
27.235404
27.499267
27.642472
27.960578
27.15988
27.089226
27.096462
27.129884
27.201525
27.330838
27.496678
27.775086
27.960576
28.411866
25.903295
25.934194
25.969133
26.028112
26.105971
26.222754
26.358779
26.566117
26.690001
26.938681
25.934196
25.967754
26.005312
26.065722
26.143158
26.259291
26.389698
26.59023
26.684413
26.87321
25.969137
26.005314
26.043644
26.103621
26.179696
26.295183
26.422055
26.621318
26.701287
26.877619
26.028118
26.065727
26.103624
26.161462
26.235137
26.348732
26.472419
26.669274
26.740639
26.90819
26.105978
26.143164
26.1797
26.235139
26.30703
26.419769
26.542759
26.740097
26.809192
26.97484
26.222761
26.259297
26.295187
26.348734
26.419769
26.532597
26.656599
26.855958
26.925748
27.092044
26.358785
26.389702
26.422057
26.472419
26.542757
26.656597
26.784051
26.988748
27.065801
27.240055
26.566121
26.590232
26.621318
26.669272
26.740093
26.855954
26.988746
27.200632
27.288126
27.47658
26.690002
26.684413
26.701284
26.740634
26.809186
26.925741
27.065796
27.288124
27.403383
27.631501
26.938681
26.873208
26.877615
26.908183
26.974832
27.092036
27.240049
27.476576
27.6315
27.976989
25.88736
25.913856
25.946487
26.00137
26.073599
26.178371
26.29758
26.468944
26.566548
26.743242
25.913858
25.938154
25.971389
26.026953
26.098779
26.203153
26.317917
26.483803
26.556826
26.683682
25.946491
25.971392
26.004665
26.059715
26.130404
26.234274
26.346045
26.510591
26.571113
26.685409
26.001377
26.026958
26.059717
26.112987
26.181676
26.28392
26.392831
26.554931
26.607413
26.712881
26.073607
26.098785
26.130407
26.181677
26.248861
26.350354
26.458574
26.620845
26.670958
26.774025
26.178378
26.203159
26.234277
26.283921
26.350354
26.451924
26.561029
26.725037
26.775693
26.879152
26.297586
26.317921
26.346047
26.39283
26.458572
26.561027
26.673254
26.842154
26.899389
27.010102
26.468947
26.483805
26.510591
26.554928
26.620841
26.725033
26.842151
27.017921
27.085159
27.209522
26.56655
26.556825
26.57111
26.607408
26.670952
26.775687
26.899384
27.085156
27.177453
27.338451
26.743241
26.68368
26.685405
26.712875
26.774018
26.879145
27.010095
27.209518
27.33845
27.601522
25.863491
25.886328
25.916614
25.967288
26.033599
26.126648
26.229996
26.370003
26.445595
26.5683
25.88633
25.903269
25.932351
25.982916
26.048729
26.141542
26.241493
26.3773
26.433027
26.514842
25.916618
25.932354
25.960688
26.010531
26.075316
26.167708
26.265169
26.399672
26.444588
26.514179
25.967294
25.982921
26.010534
26.058799
26.12187
26.212849
26.307775
26.439895
26.477454
26.538436
26.033607
26.048736
26.07532
26.121872
26.183651
26.273962
26.368224
26.500297
26.535498
26.593775
26.126655
26.141548
26.167712
26.212851
26.273962
26.364339
26.459384
26.592964
26.628618
26.68712
26.230002
26.241498
26.265172
26.307774
26.368222
26.459382
26.557247
26.695296
26.736893
26.801989
26.370007
26.377302
26.399672
26.439893
26.500293
26.59296
26.695294
26.839851
26.890917
26.968943
26.445596
26.433027
26.444586
26.477449
26.535492
26.628611
26.736888
26.890914
26.964433
27.075833
26.568299
26.51484
26.514175
26.53843
26.593767
26.687113
26.801982
26.968939
27.075831
27.275061
25.831569
25.851283
25.879174
25.925564
25.985813
26.067635
26.156276
26.26934
26.326728
26.409428
25.851285
25.862428
25.887595
25.933132
25.992733
26.07442
26.160582
26.270621
26.312346
26.361931
25.879178
25.887598
25.911273
25.955822
26.014425
26.095736
26.179866
26.288716
26.321235
26.359245
25.92557
25.933137
25.955824
25.99889
26.055982
26.13605
26.217961
26.324567
26.350471
26.38028
25.985821
25.992739
26.014429
26.055984
26.111943
26.191409
26.2727
26.379114
26.402752
26.429705
26.067643
26.074426
26.095739
26.136052
26.191409
26.270931
26.352922
26.460658
26.484699
26.511772
26.156282
26.160587
26.179868
26.21796
26.272699
26.352921
26.437455
26.54926
26.578649
26.611691
26.269344
26.270623
26.288716
26.324564
26.37911
26.460654
26.549257
26.667171
26.705422
26.750543
26.32673
26.312346
26.321232
26.350465
26.402745
26.484692
26.578644
26.705419
26.763648
26.838798
26.409427
26.361929
26.359241
26.380273
26.429697
26.511764
26.611684
26.750539
26.838796
26.988858
25.791527
25.808524
25.833977
25.876061
25.930237
26.001484
26.076699
26.166915
26.20945
26.262922
25.808525
25.815158
25.836694
25.87728
25.930642
26.001817
26.075337
26.163572
26.194081
26.221055
25.833982
25.836696
25.856093
25.895417
25.947768
26.018586
26.090485
26.177695
26.200475
26.21674
25.876068
25.877285
25.895419
25.933286
25.984268
26.053982
26.123961
26.209116
26.226037
26.234635
25.930245
25.930648
25.947772
25.984269
26.034236
26.103402
26.172817
26.257693
26.272493
26.278204
26.001492
26.001823
26.01859
26.053984
26.103402
26.172616
26.242663
26.32871
26.343887
26.349652
26.076705
26.075342
26.090488
26.123961
26.172815
26.242661
26.314997
26.404735
26.424707
26.435845
26.166919
26.163574
26.177695
26.209113
26.257689
26.328706
26.404732
26.50015
26.528324
26.550602
26.209452
26.19408
26.200472
26.226032
26.272487
26.34388
26.424702
26.528322
26.574152
26.623151
26.262922
26.221053
26.216735
26.234628
26.278196
26.349644
26.435838
26.550597
26.623149
26.735566
25.743372
25.757971
25.78097
25.818786
25.866994
25.928429
25.991561
26.062646
26.093235
26.125705
25.757973
25.761157
25.779372
25.815173
25.862414
25.923816
25.985908
26.055902
26.077524
26.089046
25.780975
25.779375
25.794932
25.82922
25.87542
25.936471
25.997302
26.066462
26.081685
26.083482
25.818792
25.815178
25.829222
25.862046
25.906975
25.967038
26.026228
26.09355
26.103654
26.098395
25.867002
25.862421
25.875424
25.906977
25.95098
26.010539
26.069226
26.13623
26.144389
26.136302
25.928437
25.923822
25.936475
25.967039
26.010539
26.070139
26.129401
26.197449
26.205973
26.197901
25.991568
25.985913
25.997304
26.026228
26.069225
26.129399
26.190717
26.262097
26.274902
26.271636
26.06265
26.055905
26.066462
26.093547
26.136226
26.197445
26.262094
26.338707
26.359022
26.365905
26.093237
26.077524
26.081682
26.103649
26.144382
26.205967
26.274897
26.359019
26.394839
26.425262
26.125704
26.089044
26.083477
26.098388
26.136294
26.197893
26.271629
26.365901
26.42526
26.509025
25.687183
25.699653
25.720214
25.753857
25.796305
25.848762
25.901166
25.956425
25.977557
25.995244
25.699654
25.700266
25.715483
25.746732
25.788092
25.840538
25.892433
25.947334
25.962007
25.963328
25.720218
25.715486
25.727667
25.757201
25.797486
25.849584
25.900528
25.954792
25.964239
25.956871
25.753863
25.746738
25.757203
25.785254
25.824342
25.875549
25.925108
25.977763
25.982788
25.969016
25.796313
25.788099
25.79749
25.824344
25.862576
25.913317
25.962436
26.014765
26.018038
26.001563
25.84877
25.840545
25.849588
25.875551
25.913317
25.964094
26.013737
26.067004
26.070636
26.054151
25.901173
25.892438
25.90053
25.925108
25.962434
26.013736
26.065221
26.12148
26.128915
26.1167
25.956429
25.947336
25.954792
25.97776
26.01476
26.066999
26.121477
26.182512
26.196754
26.193682
25.977558
25.962007
25.964236
25.982782
26.018031
26.070629
26.128909
26.196752
26.224524
26.242
25.995244
25.963326
25.956866
25.969009
26.001555
26.054143
26.116693
26.193678
26.241998
26.304081
25.623112
25.633686
25.651863
25.681486
25.718466
25.762811
25.805815
25.84814
25.861914
25.86947
25.633688
25.632443
25.644989
25.671974
25.707783
25.752132
25.795041
25.837584
25.846907
25.841823
25.651868
25.644991
25.654262
25.679388
25.714098
25.758103
25.800322
25.842418
25.847528
25.834793
25.681493
25.67198
25.679391
25.703021
25.736595
25.779793
25.820856
25.861571
25.862902
25.844423
25.718474
25.70779
25.714103
25.736596
25.769371
25.812139
25.852824
25.893228
25.893004
25.871993
25.76282
25.752138
25.758107
25.779795
25.812139
25.854935
25.896101
25.937349
25.937477
25.916442
25.805821
25.795046
25.800325
25.820856
25.852822
25.8961
25.938909
25.982831
25.98632
25.96905
25.848144
25.837586
25.842418
25.861568
25.893223
25.937345
25.982828
26.031067
26.040667
26.031546
25.861916
25.846907
25.847525
25.862896
25.892997
25.93747
25.986314
26.040664
26.062001
26.070664
25.86947
25.84182
25.834789
25.844416
25.871984
25.916434
25.969043
26.031542
26.070662
26.116433
25.551373
25.560263
25.576147
25.601953
25.633821
25.670927
25.705795
25.737677
25.745844
25.746702
25.560265
25.557744
25.567939
25.590987
25.621643
25.658762
25.693848
25.726379
25.731659
25.722865
25.576151
25.567941
25.574751
25.595858
25.625409
25.662191
25.696802
25.729058
25.730986
25.715542
25.60196
25.590993
25.595861
25.615477
25.643945
25.679998
25.713654
25.744747
25.743474
25.722935
25.633829
25.621649
25.625413
25.643947
25.671667
25.707321
25.740658
25.771469
25.768834
25.745963
25.670935
25.658769
25.662195
25.679999
25.707321
25.742999
25.776777
25.808348
25.806055
25.783152
25.705802
25.693853
25.696804
25.713654
25.740656
25.776775
25.812014
25.84596
25.846621
25.827013
25.737681
25.726381
25.729058
25.744744
25.771465
25.808344
25.845957
25.883769
25.889867
25.877447
25.745846
25.731659
25.730983
25.743469
25.768827
25.806048
25.846616
25.889864
25.906081
25.908931
25.746701
25.722863
25.715537
25.722928
25.745955
25.783143
25.827006
25.877442
25.908929
25.942495
25.472232
25.479634
25.493347
25.515581
25.542739
25.573462
25.601376
25.624932
25.628929
25.625581
25.479636
25.476301
25.484454
25.503918
25.529861
25.560604
25.588958
25.613463
25.61576
25.605127
25.493352
25.484457
25.489228
25.506728
25.53158
25.561996
25.590049
25.614429
25.614092
25.597746
25.515588
25.503923
25.506731
25.522764
25.546591
25.576348
25.60362
25.627036
25.624012
25.603194
25.542748
25.529868
25.531584
25.546592
25.569718
25.599107
25.626115
25.649286
25.645081
25.622146
25.57347
25.56061
25.562
25.576349
25.599107
25.628517
25.655927
25.679781
25.675906
25.652932
25.601383
25.588963
25.590051
25.60362
25.626113
25.655925
25.684627
25.710578
25.709284
25.689172
25.624936
25.613466
25.614429
25.627034
25.649281
25.679777
25.710575
25.739958
25.743454
25.729623
25.628931
25.61576
25.614089
25.624006
25.645074
25.675899
25.709278
25.743451
25.755622
25.754804
25.625581
25.605125
25.597741
25.603186
25.622137
25.652923
25.689165
25.729618
25.754802
25.779285
25.385994
25.39209
25.403783
25.422721
25.445602
25.470759
25.492803
25.509809
25.510799
25.505024
25.392091
25.388307
25.394711
25.410953
25.432652
25.457834
25.480463
25.498607
25.498768
25.487559
25.403788
25.394714
25.397831
25.412142
25.432783
25.457655
25.480118
25.498258
25.496377
25.480312
25.422729
25.410959
25.412145
25.425038
25.444712
25.468991
25.490824
25.508179
25.504058
25.484103
25.445611
25.432659
25.432787
25.444714
25.463734
25.487676
25.509293
25.526441
25.521308
25.499458
25.470767
25.457841
25.457659
25.468992
25.487676
25.511635
25.533616
25.551378
25.546556
25.524663
25.49281
25.480469
25.480121
25.490824
25.509291
25.533615
25.556734
25.576334
25.573753
25.554327
25.509813
25.49861
25.498258
25.508176
25.526437
25.551374
25.576331
25.598949
25.600553
25.586562
25.510801
25.498768
25.496374
25.504052
25.521301
25.546549
25.573748
25.60055
25.609547
25.606564
25.505024
25.487557
25.480307
25.484096
25.499449
25.524655
25.55432
25.586558
25.606562
25.624321
25.292989
25.29795
25.307794
25.323734
25.342784
25.363143
25.380294
25.392219
25.39113
25.384166
25.297952
25.293995
25.298922
25.312309
25.330236
25.350626
25.368445
25.381604
25.3803
25.369331
25.307798
25.298925
25.300735
25.312268
25.329188
25.349289
25.367044
25.380294
25.377426
25.362371
25.323741
25.312314
25.312271
25.322454
25.338473
25.358042
25.375293
25.387914
25.383194
25.364788
25.342792
25.330243
25.329192
25.338475
25.353888
25.373152
25.390228
25.402681
25.3971
25.377016
25.363152
25.350633
25.349293
25.358044
25.373151
25.392428
25.409834
25.422833
25.417542
25.397414
25.380301
25.36845
25.367046
25.375293
25.390226
25.409832
25.428233
25.442833
25.439476
25.421456
25.392224
25.381607
25.380293
25.387911
25.402676
25.422829
25.44283
25.460061
25.460328
25.446968
25.391132
25.3803
25.377423
25.383188
25.397093
25.417535
25.43947
25.460325
25.466852
25.462738
25.384166
25.369329
25.362366
25.36478
25.377008
25.397405
25.421449
25.446964
25.462736
25.47554
25.193565
25.197548
25.205725
25.218976
25.234641
25.250914
25.264037
25.272085
25.26964
25.262325
25.19755
25.193627
25.197326
25.208215
25.222838
25.239145
25.252969
25.262274
25.260026
25.249796
25.205729
25.197329
25.198134
25.207283
25.220964
25.237006
25.250841
25.260304
25.256875
25.243239
25.218984
25.208221
25.207286
25.215171
25.228021
25.243591
25.257027
25.265993
25.261042
25.244543
25.23465
25.222845
25.220969
25.228023
25.240318
25.255611
25.268908
25.277742
25.272066
25.2541
25.250923
25.239152
25.23701
25.243593
25.255611
25.270915
25.284507
25.293825
25.288414
25.270401
25.264044
25.252975
25.250844
25.257027
25.268907
25.284505
25.298963
25.309665
25.305911
25.289686
25.272089
25.262276
25.260303
25.26599
25.277738
25.293821
25.309662
25.322636
25.321992
25.309728
25.269642
25.260026
25.256872
25.261036
25.272059
25.288407
25.305905
25.321989
25.326616
25.322059
25.262324
25.249794
25.243234
25.244536
25.254091
25.270392
25.289678
25.309723
25.322057
25.331229
25.088068
25.091221
25.097917
25.108792
25.121506
25.134339
25.144191
25.149332
25.146087
25.138962
25.091223
25.087479
25.090175
25.098908
25.110675
25.123544
25.134093
25.140458
25.137666
25.128447
25.097922
25.090178
25.090238
25.097369
25.108272
25.120902
25.131513
25.13808
25.134408
25.122375
25.1088
25.098913
25.097372
25.103341
25.113487
25.1257
25.135999
25.14218
25.137265
25.122808
25.121515
25.110682
25.108276
25.113488
25.123129
25.135095
25.145285
25.151366
25.145844
25.130118
25.134348
25.123551
25.120906
25.125702
25.135095
25.14707
25.157522
25.164028
25.158745
25.142971
25.144198
25.134099
25.131516
25.135999
25.145283
25.15752
25.168719
25.176412
25.172538
25.158267
25.149336
25.14046
25.13808
25.142177
25.151361
25.164024
25.176409
25.186048
25.18482
25.173884
25.146089
25.137666
25.134405
25.137259
25.145837
25.158737
25.172532
25.184817
25.187997
25.18344
25.138962
25.128444
25.12237
25.122801
25.130109
25.142962
25.15826
25.173879
25.183438
25.189958
24.976841
24.979296
24.984699
24.993502
25.003678
25.01365
25.020883
25.023892
25.02026
25.013654
24.979298
24.975831
24.977721
24.984619
24.993951
25.00396
25.01186
25.016018
25.01298
25.004889
24.984704
24.977724
24.977258
24.982709
24.99126
25.001057
25.00905
25.013436
25.009751
24.999356
24.993509
24.984625
24.982711
24.98711
24.994981
25.004415
25.012165
25.016256
25.011561
24.999133
25.003687
24.993958
24.991264
24.994983
25.0024
25.011615
25.019282
25.023299
25.018101
25.004584
25.013658
25.003967
25.001062
25.004416
25.011615
25.020836
25.028733
25.03312
25.028134
25.014571
25.02089
25.011865
25.009053
25.012165
25.01928
25.028731
25.037269
25.042666
25.038869
25.026558
25.023896
25.016021
25.013436
25.016253
25.023294
25.033116
25.042663
25.049711
25.048146
25.038617
25.020262
25.01298
25.009748
25.011556
25.018093
25.028126
25.038863
25.048143
25.050236
25.045948
25.013654
25.004887
24.999351
24.999125
25.004575
25.014562
25.026551
25.038612
25.045946
25.05054
24.860206
24.862084
24.866376
24.873397
24.881422
24.889043
24.894212
24.895697
24.891978
24.886068
24.862086
24.858955
24.860212
24.865569
24.872854
24.880514
24.886299
24.888834
24.885765
24.878818
24.86638
24.860214
24.8594
24.863473
24.870065
24.877539
24.883436
24.886207
24.882668
24.873849
24.873404
24.865575
24.863476
24.866612
24.8726
24.87976
24.88547
24.888019
24.883666
24.873156
24.881431
24.872862
24.870069
24.872602
24.878188
24.885156
24.890803
24.893299
24.888531
24.8771
24.889052
24.880521
24.877544
24.879762
24.885156
24.892129
24.897976
24.900792
24.896209
24.884732
24.894219
24.886305
24.883439
24.88547
24.890801
24.897974
24.904365
24.908033
24.904446
24.894003
24.895701
24.888837
24.886207
24.888016
24.893294
24.900787
24.908031
24.913086
24.911364
24.90322
24.89198
24.885765
24.882665
24.88366
24.888524
24.896201
24.90444
24.91136
24.912654
24.90878
24.886068
24.878815
24.873844
24.873149
24.87709
24.884722
24.893995
24.903215
24.908778
24.911979
24.738467
24.739872
24.743223
24.748736
24.754962
24.760679
24.764248
24.76468
24.761081
24.75594
24.739874
24.737107
24.737878
24.741962
24.747551
24.753305
24.757429
24.758798
24.755846
24.749992
24.743228
24.737881
24.73686
24.739823
24.744806
24.750402
24.754644
24.756243
24.752957
24.745595
24.748744
24.741968
24.739826
24.741967
24.746422
24.751748
24.755848
24.757283
24.753344
24.744589
24.754971
24.747558
24.74481
24.746424
24.750526
24.755686
24.759739
24.761138
24.75686
24.747332
24.760688
24.753313
24.750406
24.75175
24.755686
24.760851
24.765076
24.766748
24.762627
24.753056
24.764255
24.757435
24.754646
24.755848
24.759737
24.765074
24.769757
24.772142
24.768848
24.760123
24.764684
24.758801
24.756243
24.75728
24.761133
24.766743
24.772139
24.77568
24.77393
24.767086
24.761082
24.755846
24.752953
24.753338
24.756852
24.76262
24.768842
24.773927
24.774643
24.771249
24.75594
24.74999
24.74559
24.744581
24.747322
24.753047
24.760115
24.767081
24.771247
24.773447
24.611894
24.61292
24.615488
24.619743
24.624486
24.628682
24.631034
24.630772
24.627427
24.623059
24.612922
24.610524
24.610931
24.613979
24.618183
24.622416
24.625256
24.625811
24.623075
24.618223
24.615493
24.610934
24.609817
24.611902
24.615585
24.619683
24.62264
24.623413
24.620441
24.614387
24.619751
24.613985
24.611905
24.61328
24.616508
24.620378
24.623227
24.62388
24.620388
24.613197
24.624495
24.618191
24.61559
24.61651
24.619432
24.62316
24.625975
24.626604
24.622837
24.615004
24.628691
24.622423
24.619688
24.620379
24.62316
24.62689
24.629852
24.630712
24.627079
24.619205
24.631042
24.625262
24.622643
24.623227
24.625973
24.62985
24.633195
24.634646
24.631691
24.624503
24.630776
24.625814
24.623412
24.623876
24.626599
24.630707
24.634643
24.637047
24.635358
24.629694
24.627429
24.623074
24.620437
24.620382
24.622829
24.627071
24.631685
24.635355
24.635665
24.632764
24.623059
24.618221
24.614382
24.613189
24.614995
24.619195
24.624495
24.629689
24.632762
24.634246
24.480728
24.481455
24.483381
24.486603
24.490144
24.493143
24.49459
24.493901
24.49089
24.487253
24.481457
24.479415
24.479561
24.481779
24.48487
24.487905
24.489773
24.489782
24.487318
24.483361
24.483386
24.479564
24.478433
24.479837
24.482487
24.48541
24.487387
24.487595
24.484967
24.480059
24.486611
24.481784
24.47984
24.48064
24.482903
24.485634
24.487532
24.487653
24.484615
24.478787
24.490153
24.484878
24.482492
24.482905
24.484907
24.487518
24.489391
24.489498
24.486238
24.479884
24.493153
24.487912
24.485414
24.485636
24.487518
24.490132
24.492128
24.492428
24.489279
24.482887
24.494598
24.489778
24.48739
24.487532
24.489389
24.492126
24.494438
24.495224
24.492627
24.486784
24.493906
24.489785
24.487595
24.48765
24.489493
24.492423
24.495221
24.496784
24.495215
24.490595
24.490892
24.487318
24.484964
24.484609
24.48623
24.489271
24.492621
24.495212
24.495249
24.492818
24.487253
24.483359
24.480054
24.478779
24.479874
24.482877
24.486776
24.49059
24.492816
24.493793
24.345173
24.345669
24.347079
24.349466
24.352047
24.354123
24.354913
24.353993
24.351352
24.348379
24.345671
24.343962
24.343928
24.345493
24.347706
24.349813
24.35096
24.350626
24.34846
24.345281
24.347084
24.343931
24.342843
24.343731
24.345576
24.347592
24.348839
24.348679
24.346403
24.342478
24.349474
24.345499
24.343734
24.344117
24.345637
24.347495
24.348682
24.348461
24.345863
24.341202
24.352056
24.347713
24.345581
24.345639
24.34694
24.348697
24.349866
24.349639
24.346863
24.341774
24.354132
24.349821
24.347597
24.347497
24.348697
24.350456
24.351728
24.35166
24.348975
24.343852
24.354921
24.350966
24.348842
24.348682
24.349864
24.351726
24.353257
24.353583
24.351343
24.346656
24.353998
24.350629
24.348679
24.348458
24.349634
24.351655
24.35358
24.354534
24.353119
24.349401
24.351354
24.34846
24.346399
24.345856
24.346855
24.348967
24.351337
24.353116
24.352977
24.350977
24.348379
24.345279
24.342473
24.341194
24.341765
24.343843
24.346648
24.349396
24.350975
24.351597
24.205399
24.20572
24.206723
24.208447
24.210275
24.211651
24.211982
24.210967
24.208703
24.206316
24.205722
24.204315
24.204164
24.205226
24.206758
24.208162
24.208789
24.208258
24.206395
24.203879
24.206728
24.204167
24.203162
24.20367
24.2049
24.20623
24.206944
24.206563
24.204627
24.201531
24.208455
24.205232
24.203673
24.203764
24.204725
24.205926
24.206597
24.206173
24.203986
24.200309
24.210285
24.206766
24.204905
24.204727
24.205506
24.206625
24.207283
24.206857
24.204529
24.200508
24.21166
24.20817
24.206235
24.205928
24.206625
24.207744
24.208487
24.208191
24.205936
24.201885
24.211989
24.208795
24.206947
24.206597
24.207281
24.208485
24.209437
24.209458
24.207557
24.203847
24.210972
24.20826
24.206563
24.20617
24.206852
24.208186
24.209454
24.209977
24.208732
24.205781
24.208705
24.206395
24.204623
24.20398
24.204521
24.205928
24.207551
24.208728
24.208487
24.206869
24.206316
24.203876
24.201526
24.200301
24.200499
24.201875
24.203839
24.205776
24.206867
24.207242
24.06154
24.061731
24.062419
24.063627
24.064877
24.065733
24.065755
24.06474
24.062838
24.060957
24.061733
24.060593
24.060375
24.061058
24.062073
24.062955
24.063219
24.062595
24.061024
24.059062
24.062424
24.060379
24.059478
24.059714
24.060485
24.061309
24.061648
24.06115
24.05953
24.057124
24.063634
24.061064
24.059717
24.059615
24.060167
24.060887
24.061194
24.060667
24.058855
24.055993
24.064886
24.062081
24.06049
24.060169
24.060573
24.061225
24.061523
24.060997
24.059074
24.05594
24.065742
24.062963
24.061314
24.060889
24.061225
24.061877
24.062244
24.061822
24.059957
24.056797
24.065763
24.063225
24.06165
24.061194
24.061521
24.062242
24.062777
24.062607
24.061021
24.058124
24.064745
24.062598
24.061149
24.060664
24.060992
24.061817
24.062604
24.06283
24.061757
24.059448
24.06284
24.061024
24.059527
24.058849
24.059066
24.05995
24.061015
24.061754
24.061462
24.060173
24.060956
24.05906
24.057119
24.055985
24.05593
24.056787
24.058116
24.059443
24.060171
24.060378
23.913695
23.913793
23.914243
23.915057
23.915871
23.916354
23.916182
23.915226
23.913658
23.9122
23.913795
23.912887
23.912637
23.913042
23.913674
23.914178
23.9142
23.913554
23.912254
23.910748
23.914248
23.91264
23.911855
23.911906
23.912344
23.912803
23.912887
23.912345
23.911014
23.909171
23.915064
23.913048
23.911909
23.911689
23.911951
23.912328
23.912389
23.911829
23.91035
23.908155
23.915881
23.913681
23.912349
23.911953
23.912096
23.912418
23.912473
23.911915
23.91035
23.907942
23.916363
23.914186
23.912807
23.912329
23.912418
23.91274
23.912851
23.912375
23.910855
23.908424
23.916189
23.914206
23.91289
23.912389
23.912471
23.912849
23.913092
23.912813
23.911511
23.909281
23.91523
23.913557
23.912345
23.911826
23.91191
23.91237
23.91281
23.912841
23.911936
23.910154
23.91366
23.912254
23.911011
23.910344
23.910342
23.910848
23.911505
23.911933
23.911625
23.910614
23.9122
23.910745
23.909166
23.908147
23.907933
23.908415
23.909273
23.910149
23.910612
23.910708
23.761931
23.761965
23.76224
23.76276
23.763255
23.763476
23.763194
23.762332
23.761064
23.759955
23.761967
23.761255
23.761
23.761206
23.761562
23.761802
23.761672
23.761053
23.759995
23.758858
23.762245
23.761003
23.760334
23.760265
23.760469
23.760675
23.760596
23.76006
23.758983
23.757593
23.762767
23.761212
23.760268
23.759987
23.760052
23.760193
23.760098
23.759549
23.758361
23.756704
23.763264
23.761569
23.760474
23.760054
23.760024
23.760122
23.760023
23.759477
23.758223
23.756401
23.763485
23.76181
23.76068
23.760194
23.760122
23.76022
23.760164
23.759683
23.758464
23.756622
23.763201
23.761678
23.760599
23.760098
23.760021
23.760162
23.760211
23.759882
23.758829
23.757138
23.762337
23.761056
23.76006
23.759546
23.759472
23.759679
23.759879
23.759789
23.759039
23.757685
23.761066
23.759995
23.75898
23.758355
23.758215
23.758456
23.758823
23.759036
23.758737
23.757956
23.759954
23.758855
23.757588
23.756696
23.756392
23.756613
23.75713
23.75768
23.757954
23.757979
23.606286
23.606278
23.606428
23.606735
23.607003
23.60705
23.606717
23.605965
23.604958
23.60413
23.606281
23.605731
23.605487
23.605559
23.605722
23.605785
23.60557
23.605004
23.604159
23.603315
23.606433
23.60549
23.604933
23.604794
23.604841
23.604878
23.604704
23.604204
23.603347
23.602317
23.606742
23.605564
23.604797
23.604493
23.604432
23.604419
23.604234
23.603726
23.602787
23.601556
23.607012
23.605729
23.604846
23.604434
23.604299
23.604253
23.604065
23.60356
23.60257
23.601214
23.607059
23.605792
23.604883
23.604421
23.604253
23.604206
23.604052
23.603597
23.602634
23.601261
23.606724
23.605576
23.604707
23.604234
23.604063
23.60405
23.603975
23.603637
23.602799
23.601537
23.60597
23.605007
23.604204
23.603723
23.603555
23.603592
23.603634
23.603476
23.602865
23.601854
23.60496
23.604159
23.603344
23.602781
23.602562
23.602626
23.602793
23.602862
23.602587
23.601994
23.60413
23.603313
23.602312
23.601548
23.601205
23.601252
23.60153
23.601849
23.601992
23.601973
23.446771
23.446738
23.446802
23.446959
23.447071
23.447009
23.446666
23.446029
23.445243
23.444637
23.44674
23.446324
23.446101
23.446085
23.446121
23.446072
23.445819
23.445322
23.444658
23.444044
23.446806
23.446104
23.44565
23.445476
23.445424
23.445356
23.445134
23.444688
23.444018
23.443268
23.446966
23.446091
23.445479
23.44518
23.445045
23.444939
23.44471
23.444259
23.443528
23.442631
23.44708
23.446128
23.445429
23.445047
23.444856
23.444724
23.444493
23.444045
23.443276
23.442285
23.447018
23.44608
23.44536
23.444941
23.444724
23.444593
23.444388
23.443977
23.443228
23.442223
23.446673
23.445824
23.445137
23.44471
23.444491
23.444386
23.444241
23.443918
23.443262
23.442337
23.446034
23.445324
23.444688
23.444256
23.44404
23.443972
23.443915
23.443726
23.443238
23.442495
23.445245
23.444658
23.444014
23.443522
23.443269
23.44322
23.443256
23.443235
23.442992
23.442548
23.444637
23.444042
23.443263
23.442623
23.442276
23.442214
23.44233
23.44249
23.442546
23.442503
23.283373
23.283327
23.283335
23.283391
23.283402
23.283278
23.282951
23.282425
23.281823
23.28139
23.283329
23.28302
23.282824
23.282756
23.282712
23.282599
23.282339
23.281915
23.281403
23.280967
23.283339
23.282827
23.282464
23.28228
23.282171
23.282044
23.281808
23.281423
23.280908
23.280374
23.283398
23.282762
23.282283
23.282005
23.281835
23.281679
23.281438
23.28105
23.280491
23.279851
23.283411
23.282719
23.282175
23.281836
23.281623
23.281448
23.281206
23.28082
23.280234
23.279524
23.283287
23.282606
23.282048
23.281681
23.281448
23.281274
23.281051
23.280694
23.280121
23.2794
23.282958
23.282344
23.281811
23.281438
23.281204
23.281049
23.280872
23.280579
23.280074
23.27941
23.282429
23.281918
23.281423
23.281047
23.280816
23.280689
23.280576
23.280381
23.279998
23.279463
23.281825
23.281403
23.280904
23.280485
23.280226
23.280113
23.280068
23.279995
23.279786
23.279461
23.28139
23.280964
23.280369
23.279843
23.279515
23.279391
23.279402
23.279458
23.279459
23.279405
23.11606
23.11601
23.115983
23.115975
23.115924
23.115772
23.115476
23.115051
23.114599
23.114298
23.116012
23.115786
23.11562
23.115525
23.115435
23.115291
23.115045
23.114694
23.114306
23.114003
23.115987
23.115623
23.115338
23.115159
23.115023
23.11487
23.114641
23.114318
23.113929
23.113559
23.115982
23.11553
23.115162
23.114916
23.114735
23.11456
23.114329
23.114004
23.113584
23.113138
23.115933
23.115443
23.115028
23.114737
23.114523
23.114335
23.114103
23.11378
23.11334
23.112844
23.11578
23.115299
23.114874
23.114562
23.114335
23.114146
23.113928
23.113626
23.113196
23.112691
23.115483
23.11505
23.114644
23.114328
23.114101
23.113926
23.113741
23.113486
23.113104
23.112639
23.115056
23.114697
23.114318
23.114001
23.113775
23.113621
23.113483
23.113299
23.113003
23.112626
23.114601
23.114306
23.113926
23.113578
23.113333
23.113189
23.113098
23.113
23.112826
23.112592
23.114297
23.114001
23.113554
23.113131
23.112835
23.112682
23.112631
23.112622
23.11259
23.112534
22.944782
22.944732
22.944687
22.944642
22.944558
22.944399
22.944143
22.943807
22.943474
22.943271
22.944734
22.944573
22.944435
22.944331
22.944221
22.944069
22.943847
22.943563
22.943276
22.943072
22.944691
22.944438
22.944219
22.944057
22.943914
22.943755
22.943547
22.943283
22.942995
22.942746
22.944649
22.944336
22.944059
22.943848
22.943673
22.943499
22.943289
22.943024
22.942716
22.942413
22.944567
22.944228
22.943918
22.943675
22.943477
22.943293
22.943082
22.942819
22.942496
22.942159
22.944408
22.944076
22.94376
22.943501
22.943293
22.943109
22.942908
22.94266
22.942344
22.941999
22.94415
22.943853
22.94355
22.943289
22.94308
22.942906
22.94273
22.942515
22.942232
22.941914
22.943811
22.943566
22.943283
22.943021
22.942814
22.942655
22.942512
22.942346
22.942123
22.941865
22.943476
22.943276
22.942992
22.94271
22.942488
22.942336
22.942226
22.94212
22.941978
22.941813
22.943271
22.94307
22.942741
22.942406
22.94215
22.941991
22.941906
22.94186
22.941811
22.941758
22.769475
22.769428
22.769375
22.769311
22.769215
22.769063
22.768848
22.768588
22.768349
22.768217
22.76943
22.769318
22.769207
22.769104
22.76899
22.768844
22.768653
22.768428
22.76822
22.768088
22.76938
22.769209
22.769045
22.768902
22.768766
22.768615
22.768434
22.768223
22.768015
22.767853
22.769318
22.769109
22.768905
22.768729
22.76857
22.768409
22.768226
22.768016
22.767793
22.767596
22.769223
22.768997
22.76877
22.768572
22.768396
22.768228
22.768045
22.767836
22.767604
22.767382
22.769072
22.768851
22.76862
22.768411
22.768228
22.76806
22.767884
22.767685
22.767457
22.767231
22.768855
22.768658
22.768437
22.768226
22.768043
22.767883
22.767723
22.767547
22.767342
22.767132
22.768593
22.768431
22.768223
22.768013
22.767831
22.76768
22.767544
22.767402
22.767236
22.767065
22.768351
22.76822
22.768012
22.767788
22.767596
22.76745
22.767336
22.767233
22.767121
22.767008
22.768217
22.768086
22.767848
22.767589
22.767373
22.767222
22.767125
22.76706
22.767006
22.766958
22.590061
22.59002
22.589966
22.589896
22.589799
22.589663
22.589488
22.589291
22.589123
22.589042
22.590022
22.589946
22.589857
22.589763
22.589655
22.589524
22.589364
22.589191
22.589043
22.588963
22.589971
22.58986
22.589739
22.589618
22.589496
22.589361
22.589209
22.589045
22.588897
22.588797
22.589903
22.589769
22.589621
22.589479
22.58934
22.589199
22.589046
22.588882
22.588725
22.588602
22.589807
22.589662
22.5895
22.589342
22.589192
22.589046
22.588893
22.588729
22.588567
22.588428
22.589672
22.589531
22.589366
22.5892
22.589046
22.588899
22.588751
22.588595
22.588435
22.588292
22.589495
22.58937
22.589211
22.589045
22.588891
22.588749
22.588612
22.588471
22.588326
22.588193
22.589295
22.589194
22.589045
22.588879
22.588725
22.58859
22.588469
22.58835
22.58823
22.588121
22.589125
22.589043
22.588895
22.58872
22.58856
22.588428
22.588321
22.588227
22.58814
22.588065
22.589042
22.588961
22.588793
22.588595
22.588419
22.588284
22.588186
22.588117
22.588063
22.588022
22.406454
22.406419
22.406369
22.406301
22.406211
22.406095
22.405955
22.40581
22.405696
22.405649
22.406421
22.406371
22.406303
22.406221
22.406124
22.406011
22.405882
22.405751
22.40565
22.405604
22.406374
22.406306
22.406218
22.406119
22.406014
22.405899
22.405775
22.40565
22.405548
22.405491
22.406308
22.406226
22.406122
22.406009
22.405893
22.405774
22.405649
22.405524
22.405418
22.405346
22.406219
22.406131
22.406018
22.405895
22.405771
22.405648
22.405524
22.4054
22.405289
22.405207
22.406103
22.406018
22.405903
22.405775
22.405648
22.405525
22.405404
22.405285
22.405176
22.405091
22.405962
22.405888
22.405777
22.405649
22.405522
22.405402
22.405288
22.405179
22.405079
22.405
22.405814
22.405754
22.405649
22.405521
22.405395
22.40528
22.405176
22.405081
22.404996
22.404931
22.405697
22.40565
22.405546
22.405412
22.405282
22.405169
22.405073
22.404993
22.404927
22.404879
22.405649
22.405602
22.405487
22.40534
22.405199
22.405083
22.404993
22.404926
22.404877
22.404843
22.218561
22.218532
22.218488
22.218427
22.218348
22.218252
22.218143
22.218038
22.217963
22.21794
22.218534
22.218503
22.218451
22.218382
22.218299
22.218205
22.218104
22.218007
22.21794
22.217917
22.218493
22.218453
22.218391
22.218313
22.218225
22.21813
22.218032
22.217939
22.217872
22.217843
22.218433
22.218387
22.218315
22.218228
22.218133
22.218036
22.217937
22.217845
22.217775
22.217738
22.218356
22.218306
22.218229
22.218135
22.218036
22.217936
22.217838
22.217746
22.217673
22.21763
22.218259
22.218212
22.218134
22.218037
22.217936
22.217836
22.21774
22.217651
22.217579
22.217534
22.21815
22.218109
22.218034
22.217937
22.217836
22.217738
22.217646
22.217563
22.217497
22.217454
22.218042
22.21801
22.217939
22.217842
22.217741
22.217646
22.217561
22.217486
22.217428
22.217392
22.217965
22.21794
22.217869
22.217769
22.217666
22.217572
22.217491
22.217425
22.217376
22.217347
22.21794
22.217915
22.217838
22.217731
22.217622
22.217525
22.217447
22.217387
22.217345
22.217318
22.02628
22.026258
22.026221
22.026168
22.026101
22.026024
22.025943
22.025868
22.025821
22.025813
22.026259
22.026241
22.026202
22.026146
22.026078
22.026003
22.025925
22.025856
22.025812
22.025804
22.026225
22.026205
22.026162
22.026101
22.02603
22.025954
22.025878
22.025811
22.025768
22.025757
22.026174
22.026151
22.026103
22.026037
22.025962
22.025885
22.025809
22.025742
22.025698
22.025683
22.026109
22.026085
22.026034
22.025964
22.025886
22.025807
22.025731
22.025665
22.02562
22.025601
22.026032
22.026009
22.025958
22.025886
22.025807
22.025728
22.025654
22.025589
22.025544
22.025524
22.025949
22.02593
22.025881
22.025809
22.02573
22.025652
22.02558
22.025519
22.025477
22.025457
22.025872
22.025858
22.025811
22.025739
22.025661
22.025585
22.025516
22.025459
22.025421
22.025404
22.025823
22.025812
22.025766
22.025693
22.025613
22.025537
22.025472
22.025418
22.025383
22.025367
22.025813
22.025803
22.025753
22.025676
22.025593
22.025516
22.025451
22.0254
22.025365
22.025344
21.829508
21.829491
21.82946
21.829417
21.829363
21.829303
21.829243
21.829192
21.829164
21.829164
21.829492
21.829482
21.829454
21.829409
21.829355
21.829296
21.829238
21.82919
21.829164
21.829164
21.829464
21.829456
21.829427
21.829381
21.829325
21.829266
21.829209
21.829162
21.829137
21.829136
21.829423
21.829414
21.829383
21.829334
21.829276
21.829216
21.82916
21.829112
21.829087
21.829085
21.82937
21.829361
21.829329
21.829278
21.829218
21.829158
21.829101
21.829054
21.829028
21.829024
21.82931
21.829303
21.82927
21.829218
21.829158
21.829097
21.829041
21.828995
21.828969
21.828964
21.829249
21.829243
21.829212
21.829159
21.829099
21.829039
21.828985
21.828941
21.828915
21.828911
21.829196
21.829192
21.829162
21.82911
21.82905
21.828991
21.828938
21.828896
21.828872
21.828867
21.829166
21.829164
21.829134
21.829082
21.829022
21.828963
21.82891
21.828869
21.828845
21.828837
21.829164
21.829163
21.829132
21.829079
21.829017
21.828957
21.828904
21.828863
21.828835
21.828819
21.628135
21.628121
21.628098
21.628063
21.62802
21.627975
21.627932
21.627898
21.627883
21.627888
21.628123
21.628118
21.628098
21.628063
21.628022
21.627977
21.627935
21.627902
21.627887
21.627893
21.628101
21.6281
21.628081
21.628046
21.628004
21.627959
21.627918
21.627886
21.627872
21.627877
21.628068
21.628068
21.628049
21.628013
21.627969
21.627924
21.627883
21.627851
21.627837
21.627843
21.628027
21.628028
21.628008
21.627971
21.627926
21.627881
21.62784
21.627808
21.627794
21.627799
21.627982
21.627983
21.627963
21.627926
21.627881
21.627835
21.627795
21.627763
21.62775
21.627754
21.627937
21.627939
21.62792
21.627883
21.627838
21.627793
21.627753
21.627722
21.627708
21.627712
21.627902
21.627904
21.627885
21.627849
21.627804
21.627759
21.62772
21.627689
21.627675
21.627677
21.627885
21.627887
21.627869
21.627833
21.627788
21.627743
21.627703
21.627673
21.627656
21.627654
21.627888
21.627891
21.627873
21.627837
21.627792
21.627746
21.627706
21.627673
21.627652
21.62764
21.422048
21.422038
21.42202
21.421992
21.42196
21.421926
21.421896
21.421875
21.421868
21.421875
21.422039
21.422038
21.422023
21.421997
21.421966
21.421933
21.421903
21.421881
21.421875
21.421882
21.422023
21.422026
21.422013
21.421988
21.421956
21.421923
21.421894
21.421873
21.421867
21.421875
21.421998
21.422002
21.42199
21.421964
21.421932
21.421899
21.42187
21.421849
21.421844
21.421853
21.421967
21.421971
21.42196
21.421934
21.421901
21.421868
21.421839
21.421818
21.421813
21.421822
21.421933
21.421938
21.421927
21.421901
21.421868
21.421835
21.421806
21.421785
21.42178
21.421788
21.421902
21.421907
21.421896
21.42187
21.421837
21.421804
21.421775
21.421755
21.421749
21.421756
21.421878
21.421884
21.421873
21.421847
21.421815
21.421782
21.421753
21.421731
21.421724
21.421729
21.42187
21.421875
21.421864
21.421839
21.421807
21.421774
21.421744
21.421722
21.421711
21.421712
21.421875
21.42188
21.421871
21.421847
21.421815
21.421781
21.42175
21.421726
21.42171
21.421702
21.211132
21.211125
21.211111
21.21109
21.211066
21.211042
21.211022
21.211009
21.211007
21.211015
21.211126
21.211126
21.211116
21.211097
21.211074
21.21105
21.211029
21.211016
21.211014
21.211022
21.211114
21.211118
21.211111
21.211092
21.211069
21.211046
21.211025
21.211012
21.211011
21.21102
21.211096
21.211101
21.211095
21.211076
21.211053
21.21103
21.21101
21.210997
21.210996
21.211006
21.211073
21.211079
21.211073
21.211055
21.211031
21.211008
21.210988
21.210975
21.210975
21.210985
21.211049
21.211055
21.211049
21.211031
21.211008
21.210984
21.210964
21.210951
21.210951
21.210961
21.211027
21.211034
21.211028
21.21101
21.210986
21.210963
21.210943
21.210929
21.210928
21.210937
21.211012
21.211018
21.211012
21.210995
21.210972
21.210948
21.210927
21.210913
21.21091
21.210917
21.211009
21.211014
21.211009
21.210992
21.210969
21.210945
21.210924
21.210908
21.210902
21.210904
21.211015
21.21102
21.211016
21.211
21.210978
21.210954
21.210932
21.210913
21.210902
21.210897
20.99527
20.995264
20.995254
20.995239
20.995221
20.995204
20.995191
20.995184
20.995185
20.995192
20.995266
20.995266
20.995259
20.995246
20.995229
20.995212
20.995199
20.995191
20.995192
20.995199
20.995257
20.995262
20.995257
20.995244
20.995227
20.995211
20.995198
20.99519
20.995191
20.9952
20.995244
20.99525
20.995246
20.995233
20.995217
20.995201
20.995187
20.99518
20.995182
20.995192
20.995227
20.995234
20.995231
20.995218
20.995202
20.995186
20.995172
20.995165
20.995168
20.995178
20.995211
20.995217
20.995214
20.995202
20.995185
20.995169
20.995156
20.995149
20.995151
20.995161
20.995196
20.995203
20.9952
20.995187
20.995171
20.995155
20.995141
20.995133
20.995135
20.995144
20.995187
20.995193
20.99519
20.995178
20.995162
20.995145
20.995131
20.995122
20.995122
20.995129
20.995187
20.995192
20.995189
20.995178
20.995162
20.995146
20.995131
20.99512
20.995117
20.995119
20.995192
20.995198
20.995196
20.995186
20.995171
20.995155
20.995138
20.995126
20.995118
20.995114
20.774341
20.774337
20.774329
20.774318
20.774306
20.774294
20.774286
20.774283
20.774285
20.774291
20.774338
20.774339
20.774334
20.774324
20.774312
20.774301
20.774292
20.774289
20.774291
20.774297
20.774332
20.774336
20.774333
20.774324
20.774313
20.774301
20.774293
20.774289
20.774292
20.774299
20.774323
20.774328
20.774326
20.774317
20.774306
20.774295
20.774287
20.774283
20.774286
20.774295
20.774311
20.774317
20.774316
20.774307
20.774296
20.774285
20.774277
20.774273
20.774277
20.774286
20.7743
20.774306
20.774305
20.774296
20.774285
20.774274
20.774266
20.774262
20.774266
20.774275
20.774291
20.774296
20.774295
20.774287
20.774275
20.774264
20.774256
20.774252
20.774254
20.774262
20.774286
20.774291
20.774289
20.774281
20.77427
20.774259
20.77425
20.774244
20.774246
20.774252
20.774287
20.774291
20.77429
20.774283
20.774272
20.774261
20.77425
20.774244
20.774242
20.774245
20.774291
20.774296
20.774296
20.77429
20.77428
20.774269
20.774258
20.774249
20.774244
20.774242
20.548222
20.548219
20.548214
20.548206
20.548197
20.54819
20.548185
20.548184
20.548187
20.548192
20.548221
20.548221
20.548218
20.548211
20.548203
20.548195
20.54819
20.548189
20.548192
20.548197
20.548217
20.54822
20.548218
20.548212
20.548204
20.548197
20.548192
20.54819
20.548193
20.5482
20.548211
20.548215
20.548214
20.548208
20.5482
20.548193
20.548188
20.548187
20.548191
20.548198
20.548203
20.548208
20.548207
20.548201
20.548193
20.548186
20.548181
20.548181
20.548185
20.548192
20.548195
20.5482
20.5482
20.548194
20.548186
20.548179
20.548174
20.548173
20.548177
20.548185
20.54819
20.548194
20.548193
20.548188
20.54818
20.548173
20.548168
20.548166
20.54817
20.548176
20.548187
20.548191
20.54819
20.548185
20.548178
20.54817
20.548164
20.548162
20.548164
20.548169
20.548189
20.548192
20.548192
20.548187
20.54818
20.548172
20.548166
20.548162
20.548162
20.548164
20.548192
20.548196
20.548197
20.548193
20.548187
20.548179
20.548172
20.548166
20.548163
20.548162
20.31679
20.316788
20.316784
20.316779
20.316773
20.316768
20.316765
20.316766
20.316769
20.316773
20.316789
20.31679
20.316788
20.316783
20.316777
20.316772
20.31677
20.31677
20.316772
20.316777
20.316787
20.316789
20.316788
20.316784
20.316778
20.316774
20.316771
20.316771
20.316774
20.316779
20.316783
20.316786
20.316785
20.316781
20.316776
20.316771
20.316769
20.316769
20.316773
20.316779
20.316778
20.316781
20.316781
20.316777
20.316772
20.316767
20.316765
20.316765
20.316769
20.316776
20.316773
20.316777
20.316776
20.316772
20.316767
20.316763
20.31676
20.316761
20.316765
20.316771
20.31677
20.316773
20.316773
20.316769
20.316764
20.316759
20.316756
20.316756
20.31676
20.316765
20.316769
20.316771
20.316771
20.316767
20.316762
20.316758
20.316754
20.316753
20.316756
20.31676
20.31677
20.316772
20.316772
20.31677
20.316765
20.31676
20.316756
20.316754
20.316755
20.316757
20.316773
20.316776
20.316776
20.316774
20.31677
20.316766
20.316761
20.316758
20.316756
20.316755
20.079917
20.079916
20.079913
20.079909
20.079905
20.079902
20.079901
20.079902
20.079905
20.079908
20.079917
20.079917
20.079915
20.079912
20.079908
20.079905
20.079904
20.079905
20.079908
20.079911
20.079915
20.079917
20.079916
20.079913
20.079909
20.079906
20.079905
20.079906
20.079909
20.079913
20.079913
20.079915
20.079914
20.079911
20.079908
20.079905
20.079904
20.079905
20.079909
20.079913
20.07991
20.079912
20.079912
20.079909
20.079905
20.079903
20.079902
20.079903
20.079907
20.079912
20.079907
20.079909
20.079909
20.079906
20.079903
20.0799
20.079899
20.0799
20.079904
20.079909
20.079905
20.079907
20.079907
20.079904
20.079901
20.079898
20.079897
20.079898
20.079901
20.079905
20.079905
20.079907
20.079906
20.079904
20.0799
20.079898
20.079896
20.079896
20.079898
20.079902
20.079906
20.079908
20.079908
20.079906
20.079903
20.0799
20.079898
20.079897
20.079898
20.0799
20.079908
20.07991
20.079911
20.079909
20.079907
20.079904
20.079901
20.079899
20.079899
20.079899
19.837474
19.837472
19.83747
19.837468
19.837465
19.837464
19.837463
19.837465
19.837467
19.83747
19.837474
19.837474
19.837472
19.83747
19.837467
19.837466
19.837465
19.837467
19.837469
19.837472
19.837473
19.837474
19.837473
19.837471
19.837468
19.837467
19.837466
19.837468
19.83747
19.837473
19.837471
19.837473
19.837472
19.83747
19.837467
19.837466
19.837466
19.837467
19.837471
19.837474
19.83747
19.837471
19.837471
19.837468
19.837466
19.837464
19.837465
19.837466
19.83747
19.837473
19.837468
19.837469
19.837469
19.837467
19.837464
19.837463
19.837463
19.837465
19.837468
19.837472
19.837467
19.837468
19.837468
19.837466
19.837464
19.837462
19.837462
19.837463
19.837466
19.837469
19.837467
19.837468
19.837468
19.837466
19.837464
19.837462
19.837461
19.837462
19.837464
19.837467
19.837468
19.837469
19.837469
19.837468
19.837466
19.837464
19.837463
19.837463
19.837464
19.837466
19.83747
19.837471
19.837471
19.83747
19.837469
19.837467
19.837466
19.837465
19.837465
19.837465
19.589327
19.589327
19.589325
19.589323
19.589322
19.589321
19.589321
19.589322
19.589324
19.589326
19.589328
19.589327
19.589326
19.589325
19.589323
19.589322
19.589322
19.589324
19.589326
19.589328
19.589327
19.589328
19.589327
19.589325
19.589323
19.589323
19.589323
19.589324
19.589327
19.589329
19.589327
19.589327
19.589326
19.589325
19.589323
19.589322
19.589323
19.589324
19.589327
19.58933
19.589326
19.589326
19.589326
19.589324
19.589322
19.589321
19.589322
19.589324
19.589327
19.58933
19.589325
19.589326
19.589325
19.589323
19.589321
19.589321
19.589321
19.589323
19.589326
19.589329
19.589324
19.589325
19.589324
19.589323
19.589321
19.58932
19.589321
19.589322
19.589325
19.589327
19.589324
19.589325
19.589324
19.589323
19.589322
19.589321
19.589321
19.589322
19.589324
19.589326
19.589325
19.589326
19.589325
19.589324
19.589323
19.589322
19.589322
19.589322
19.589324
19.589325
19.589326
19.589327
19.589327
19.589326
19.589326
19.589325
19.589324
19.589324
19.589324
19.589324
19.335343
19.335343
19.335342
19.33534
19.335339
19.335339
19.335339
19.335341
19.335342
19.335344
19.335344
19.335343
19.335343
19.335341
19.33534
19.33534
19.33534
19.335342
19.335343
19.335345
19.335344
19.335344
19.335343
19.335342
19.33534
19.33534
19.335341
19.335342
19.335344
19.335346
19.335343
19.335344
19.335343
19.335341
19.33534
19.33534
19.335341
19.335342
19.335345
19.335347
19.335343
19.335343
19.335342
19.335341
19.33534
19.335339
19.33534
19.335342
19.335344
19.335347
19.335343
19.335343
19.335342
19.335341
19.335339
19.335339
19.33534
19.335342
19.335344
19.335346
19.335342
19.335343
19.335342
19.335341
19.335339
19.335339
19.33534
19.335341
19.335343
19.335345
19.335343
19.335343
19.335342
19.335341
19.33534
19.335339
19.33534
19.335341
19.335343
19.335344
19.335343
19.335343
19.335343
19.335342
19.335341
19.335341
19.335341
19.335341
19.335343
19.335344
19.335344
19.335344
19.335344
19.335343
19.335343
19.335342
19.335342
19.335342
19.335343
19.335343
19.075384
19.075383
19.075382
19.075381
19.075381
19.075381
19.075381
19.075382
19.075384
19.075385
19.075384
19.075384
19.075383
19.075382
19.075381
19.075381
19.075382
19.075383
19.075384
19.075386
19.075384
19.075384
19.075383
19.075382
19.075381
19.075381
19.075382
19.075383
19.075385
19.075386
19.075384
19.075384
19.075383
19.075382
19.075381
19.075381
19.075382
19.075383
19.075385
19.075387
19.075384
19.075384
19.075383
19.075382
19.075381
19.075381
19.075382
19.075383
19.075385
19.075387
19.075384
19.075384
19.075383
19.075382
19.075381
19.075381
19.075382
19.075383
19.075385
19.075387
19.075384
19.075384
19.075383
19.075382
19.075381
19.075381
19.075382
19.075383
19.075385
19.075386
19.075384
19.075384
19.075383
19.075382
19.075382
19.075381
19.075382
19.075383
19.075385
19.075386
19.075385
19.075384
19.075384
19.075383
19.075383
19.075382
19.075383
19.075383
19.075385
19.075385
19.075385
19.075385
19.075385
19.075384
19.075384
19.075384
19.075384
19.075384
19.075385
19.075385
18.809308
18.809307
18.809307
18.809306
18.809305
18.809305
18.809306
18.809307
18.809308
18.809309
18.809308
18.809308
18.809307
18.809306
18.809305
18.809305
18.809306
18.809307
18.809308
18.809309
18.809308
18.809308
18.809307
18.809306
18.809305
18.809305
18.809306
18.809307
18.809309
18.80931
18.809308
18.809308
18.809307
18.809306
18.809305
18.809305
18.809306
18.809308
18.809309
18.80931
18.809308
18.809308
18.809307
18.809306
18.809305
18.809305
18.809306
18.809308
18.809309
18.809311
18.809308
18.809308
18.809307
18.809306
18.809305
18.809305
18.809306
18.809308
18.809309
18.80931
18.809308
18.809308
18.809307
18.809306
18.809305
18.809305
18.809306
18.809307
18.809309
18.80931
18.809308
18.809308
18.809307
18.809307
18.809306
18.809306
18.809306
18.809308
18.809309
18.80931
18.809309
18.809308
18.809308
18.809307
18.809307
18.809307
18.809307
18.809308
18.809309
18.80931
18.809309
18.809309
18.809308
18.809308
18.809308
18.809307
18.809308
18.809308
18.809309
18.809309
18.536971
18.53697
18.53697
18.536969
18.536969
18.536969
18.536969
18.53697
18.536971
18.536972
18.536971
18.536971
18.53697
18.536969
18.536969
18.536969
18.536969
18.53697
18.536971
18.536972
18.536971
18.536971
18.53697
18.536969
18.536969
18.536969
18.536969
18.536971
18.536972
18.536972
18.536971
18.536971
18.53697
18.536969
18.536969
18.536969
18.536969
18.536971
18.536972
18.536973
18.536971
18.536971
18.53697
18.536969
18.536969
18.536969
18.536969
18.536971
18.536972
18.536973
18.536971
18.536971
18.53697
18.536969
18.536969
18.536969
18.536969
18.536971
18.536972
18.536973
18.536971
18.536971
18.53697
18.536969
18.536969
18.536969
18.53697
18.536971
18.536972
18.536973
18.536972
18.536971
18.536971
18.53697
18.536969
18.536969
18.53697
18.536971
18.536972
18.536973
18.536972
18.536971
18.536971
18.53697
18.53697
18.53697
18.53697
18.536971
18.536972
18.536972
18.536972
18.536971
18.536971
18.536971
18.53697
18.53697
18.536971
18.536971
18.536972
18.536972
18.258225
18.258225
18.258225
18.258224
18.258224
18.258224
18.258224
18.258225
18.258226
18.258226
18.258226
18.258225
18.258225
18.258224
18.258224
18.258224
18.258224
18.258225
18.258226
18.258226
18.258226
18.258225
18.258225
18.258224
18.258224
18.258224
18.258224
18.258225
18.258226
18.258227
18.258226
18.258225
18.258225
18.258224
18.258224
18.258224
18.258224
18.258225
18.258226
18.258227
18.258226
18.258226
18.258225
18.258224
18.258224
18.258224
18.258224
18.258225
18.258226
18.258227
18.258226
18.258226
18.258225
18.258224
18.258224
18.258224
18.258224
18.258225
18.258226
18.258227
18.258226
18.258226
18.258225
18.258224
18.258224
18.258224
18.258225
18.258225
18.258226
18.258227
18.258226
18.258226
18.258225
18.258225
18.258224
18.258224
18.258225
18.258225
18.258226
18.258227
18.258226
18.258226
18.258225
18.258225
18.258225
18.258225
18.258225
18.258226
18.258226
18.258227
18.258226
18.258226
18.258226
18.258225
18.258225
18.258225
18.258225
18.258226
18.258226
18.258227
17.972921
17.972921
17.97292
17.97292
17.97292
17.97292
17.97292
17.972921
17.972921
17.972921
17.972921
17.972921
17.97292
17.97292
17.97292
17.97292
17.97292
17.972921
17.972921
17.972922
17.972921
17.972921
17.97292
17.97292
17.97292
17.97292
17.97292
17.972921
17.972921
17.972922
17.972921
17.972921
17.97292
17.97292
17.97292
17.97292
17.97292
17.972921
17.972921
17.972922
17.972921
17.972921
17.972921
17.97292
17.97292
17.97292
17.97292
17.972921
17.972922
17.972922
17.972921
17.972921
17.972921
17.97292
17.97292
17.97292
17.97292
17.972921
17.972922
17.972922
17.972921
17.972921
17.972921
17.97292
17.97292
17.97292
17.97292
17.972921
17.972922
17.972922
17.972921
17.972921
17.972921
17.97292
17.97292
17.97292
17.97292
17.972921
17.972922
17.972922
17.972921
17.972921
17.972921
17.972921
17.97292
17.97292
17.972921
17.972921
17.972922
17.972922
17.972921
17.972921
17.972921
17.972921
17.972921
17.972921
17.972921
17.972921
17.972922
17.972922
17.680903
17.680903
17.680902
17.680902
17.680902
17.680902
17.680902
17.680903
17.680903
17.680903
17.680903
17.680903
17.680903
17.680902
17.680902
17.680902
17.680902
17.680903
17.680903
17.680903
17.680903
17.680903
17.680903
17.680902
17.680902
17.680902
17.680902
17.680903
17.680903
17.680903
17.680903
17.680903
17.680903
17.680902
17.680902
17.680902
17.680903
17.680903
17.680903
17.680903
17.680903
17.680903
17.680903
17.680902
17.680902
17.680902
17.680903
17.680903
17.680903
17.680904
17.680903
17.680903
17.680903
17.680902
17.680902
17.680902
17.680903
17.680903
17.680903
17.680904
17.680903
17.680903
17.680903
17.680903
17.680902
17.680902
17.680903
17.680903
17.680903
17.680904
17.680903
17.680903
17.680903
17.680903
17.680902
17.680902
17.680903
17.680903
17.680903
17.680904
17.680903
17.680903
17.680903
17.680903
17.680903
17.680903
17.680903
17.680903
17.680903
17.680904
17.680903
17.680903
17.680903
17.680903
17.680903
17.680903
17.680903
17.680903
17.680903
17.680903
17.382013
17.382013
17.382013
17.382013
17.382013
17.382013
17.382013
17.382013
17.382013
17.382014
17.382013
17.382013
17.382013
17.382013
17.382013
17.382013
17.382013
17.382013
17.382013
17.382014
17.382013
17.382013
17.382013
17.382013
17.382013
17.382013
17.382013
17.382013
17.382014
17.382014
17.382013
17.382013
17.382013
17.382013
17.382013
17.382013
17.382013
17.382013
17.382014
17.382014
17.382014
17.382013
17.382013
17.382013
17.382013
17.382013
17.382013
17.382013
17.382014
17.382014
17.382014
17.382013
17.382013
17.382013
17.382013
17.382013
17.382013
17.382013
17.382014
17.382014
17.382014
17.382014
17.382013
17.382013
17.382013
17.382013
17.382013
17.382013
17.382014
17.382014
17.382014
17.382014
17.382013
17.382013
17.382013
17.382013
17.382013
17.382014
17.382014
17.382014
17.382014
17.382014
17.382013
17.382013
17.382013
17.382013
17.382013
17.382014
17.382014
17.382014
17.382014
17.382014
17.382013
17.382013
17.382013
17.382013
17.382013
17.382014
17.382014
17.382014
17.076091
17.076091
17.076091
17.076091
17.076091
17.076091
17.076091
17.076091
17.076091
17.076091
17.076091
17.076091
17.076091
17.076091
17.076091
17.076091
17.076091
17.076091
17.076091
17.076091
17.076091
17.076091
17.076091
17.076091
17.076091
17.076091
17.076091
17.076091
17.076091
17.076091
17.076091
17.076091
17.076091
17.076091
17.076091
17.076091
17.076091
17.076091
17.076091
17.076091
17.076091
17.076091
17.076091
17.076091
17.076091
17.076091
17.076091
17.076091
17.076091
17.076091
17.076091
17.076091
17.076091
17.076091
17.076091
17.076091
17.076091
17.076091
17.076091
17.076091
17.076091
17.076091
17.076091
17.076091
17.076091
17.076091
17.076091
17.076091
17.076091
17.076091
17.076091
17.076091
17.076091
17.076091
17.076091
17.076091
17.076091
17.076091
17.076091
17.076091
17.076091
17.076091
17.076091
17.076091
17.076091
17.076091
17.076091
17.076091
17.076091
17.076091
17.076091
17.076091
17.076091
17.076091
17.076091
17.076091
17.076091
17.076091
17.076091
17.076091
16.762969
16.762969
16.762969
16.762969
16.762969
16.762969
16.762969
16.762969
16.762969
16.762969
16.762969
16.762969
16.762969
16.762969
16.762969
16.762969
16.762969
16.762969
16.762969
16.762969
16.762969
16.762969
16.762969
16.762969
16.762969
16.762969
16.762969
16.762969
16.762969
16.762969
16.762969
16.762969
16.762969
16.762969
16.76297
16.76297
16.762969
16.762969
16.762969
16.762969
16.762969
16.762969
16.762969
16.76297
16.76297
16.76297
16.762969
16.762969
16.762969
16.762969
16.762969
16.762969
16.762969
16.76297
16.76297
16.76297
16.76297
16.762969
16.762969
16.762969
16.762969
16.762969
16.762969
16.76297
16.76297
16.76297
16.76297
16.762969
16.762969
16.762969
16.762969
16.762969
16.762969
16.76297
16.76297
16.76297
16.76297
16.762969
16.762969
16.762969
16.762969
16.762969
16.762969
16.76297
16.76297
16.76297
16.76297
16.762969
16.762969
16.76297
16.762969
16.762969
16.762969
16.762969
16.762969
16.762969
16.762969
16.762969
16.76297
16.76297
16.44248
16.44248
16.44248
16.44248
16.44248
16.44248
16.44248
16.44248
16.44248
16.44248
16.44248
16.44248
16.44248
16.44248
16.44248
16.44248
16.44248
16.44248
16.44248
16.44248
16.44248
16.44248
16.44248
16.44248
16.44248
16.44248
16.44248
16.44248
16.44248
16.44248
16.44248
16.44248
16.44248
16.44248
16.44248
16.44248
16.44248
16.44248
16.44248
16.44248
16.44248
16.44248
16.44248
16.44248
16.44248
16.44248
16.44248
16.44248
16.44248
16.44248
16.44248
16.44248
16.44248
16.44248
16.44248
16.44248
16.44248
16.44248
16.44248
16.44248
16.44248
16.44248
16.44248
16.44248
16.44248
16.44248
16.44248
16.44248
16.44248
16.44248
16.44248
16.44248
16.44248
16.44248
16.44248
16.44248
16.44248
16.44248
16.44248
16.44248
16.44248
16.44248
16.44248
16.44248
16.44248
16.44248
16.44248
16.44248
16.44248
16.44248
16.44248
16.44248
16.44248
16.44248
16.44248
16.44248
16.44248
16.44248
16.44248
16.44248
16.114449
16.114449
16.114449
16.114449
16.114449
16.114449
16.114449
16.114449
16.114449
16.114449
16.114449
16.114449
16.114449
16.114449
16.114449
16.114449
16.114449
16.114449
16.114449
16.114449
16.114449
16.114449
16.114449
16.114449
16.114449
16.114449
16.114449
16.114449
16.114449
16.114449
16.114449
16.114449
16.114449
16.114449
16.114449
16.114449
16.114449
16.114449
16.114449
16.114449
16.114449
16.114449
16.114449
16.114449
16.114449
16.114449
16.114449
16.114449
16.114449
16.114449
16.114449
16.114449
16.114449
16.114449
16.114449
16.114449
16.114449
16.114449
16.114449
16.114449
16.114449
16.114449
16.114449
16.114449
16.114449
16.114449
16.114449
16.114449
16.114449
16.114449
16.114449
16.114449
16.114449
16.114449
16.114449
16.114449
16.114449
16.114449
16.114449
16.114449
16.114449
16.114449
16.114449
16.114449
16.114449
16.114449
16.114449
16.114449
16.114449
16.114449
16.114449
16.114449
16.114449
16.114449
16.114449
16.114449
16.114449
16.114449
16.114449
16.114449
15.7787
15.7787
15.7787
15.7787
15.7787
15.7787
15.7787
15.7787
15.7787
15.7787
15.7787
15.7787
15.7787
15.7787
15.7787
15.7787
15.7787
15.7787
15.7787
15.7787
15.778699
15.7787
15.7787
15.7787
15.7787
15.7787
15.7787
15.7787
15.7787
15.7787
15.778699
15.778699
15.7787
15.7787
15.7787
15.7787
15.7787
15.7787
15.7787
15.7787
15.778699
15.778699
15.7787
15.7787
15.7787
15.7787
15.7787
15.7787
15.7787
15.7787
15.778699
15.7787
15.7787
15.7787
15.7787
15.7787
15.7787
15.7787
15.7787
15.7787
15.778699
15.7787
15.7787
15.7787
15.7787
15.7787
15.7787
15.7787
15.7787
15.7787
15.7787
15.7787
15.7787
15.7787
15.7787
15.7787
15.7787
15.7787
15.7787
15.7787
15.7787
15.7787
15.7787
15.7787
15.7787
15.7787
15.7787
15.7787
15.7787
15.7787
15.7787
15.7787
15.7787
15.7787
15.7787
15.7787
15.7787
15.7787
15.7787
15.7787
15.435049
15.435049
15.435049
15.435049
15.435049
15.435049
15.435049
15.435049
15.435049
15.435049
15.435049
15.435049
15.435049
15.435049
15.435049
15.435049
15.435049
15.435049
15.435049
15.435049
15.435049
15.435049
15.435049
15.435049
15.435049
15.435049
15.435049
15.435049
15.435049
15.435049
15.435049
15.435049
15.435049
15.435049
15.435049
15.435049
15.435049
15.435049
15.435049
15.435049
15.435049
15.435049
15.435049
15.435049
15.435049
15.435049
15.435049
15.435049
15.435049
15.435049
15.435049
15.435049
15.435049
15.435049
15.435049
15.435049
15.435049
15.435049
15.435049
15.435049
15.435049
15.435049
15.435049
15.435049
15.435049
15.435049
15.435049
15.435049
15.435049
15.435049
15.435049
15.435049
15.435049
15.435049
15.435049
15.435049
15.435049
15.435049
15.435049
15.435049
15.435049
15.435049
15.435049
15.435049
15.435049
15.435049
15.435049
15.435049
15.435049
15.435049
15.435049
15.435049
15.435049
15.435049
15.435049
15.435049
15.435049
15.435049
15.435049
15.435049
15.083313
15.083313
15.083313
15.083313
15.083313
15.083313
15.083313
15.083313
15.083313
15.083313
15.083313
15.083313
15.083313
15.083313
15.083313
15.083313
15.083313
15.083313
15.083313
15.083313
15.083313
15.083313
15.083313
15.083313
15.083313
15.083313
15.083313
15.083313
15.083313
15.083313
15.083313
15.083313
15.083313
15.083313
15.083313
15.083313
15.083313
15.083313
15.083313
15.083313
15.083313
15.083313
15.083313
15.083313
15.083313
15.083313
15.083313
15.083313
15.083313
15.083313
15.083313
15.083313
15.083313
15.083313
15.083313
15.083313
15.083313
15.083313
15.083313
15.083313
15.083313
15.083313
15.083313
15.083313
15.083313
15.083313
15.083313
15.083313
15.083313
15.083313
15.083313
15.083313
15.083313
15.083313
15.083313
15.083313
15.083313
15.083313
15.083313
15.083313
15.083313
15.083313
15.083313
15.083313
15.083313
15.083313
15.083313
15.083313
15.083313
15.083313
15.083313
15.083313
15.083313
15.083313
15.083313
15.083313
15.083313
15.083313
15.083313
15.083313
14.723299
14.723299
14.723299
14.723299
14.723299
14.723299
14.723299
14.723299
14.723299
14.723299
14.723299
14.723299
14.723299
14.723299
14.723299
14.723299
14.723299
14.723299
14.723299
14.723299
14.723299
14.723299
14.723299
14.723299
14.723299
14.723299
14.723299
14.723299
14.723299
14.723299
14.723299
14.723299
14.723299
14.723299
14.723299
14.723299
14.723299
14.723299
14.723299
14.723299
14.723299
14.723299
14.723299
14.723299
14.723299
14.723299
14.723299
14.723299
14.723299
14.723299
14.723299
14.723299
14.723299
14.723299
14.723299
14.723299
14.723299
14.723299
14.723299
14.723299
14.723299
14.723299
14.723299
14.723299
14.723299
14.723299
14.723299
14.723299
14.723299
14.723299
14.723299
14.723299
14.723299
14.723299
14.723299
14.723299
14.723299
14.723299
14.723299
14.723299
14.723299
14.723299
14.723299
14.723299
14.723299
14.723299
14.723299
14.723299
14.723299
14.723299
14.723299
14.723299
14.723299
14.723299
14.723299
14.723299
14.723299
14.723299
14.723299
14.723299
14.354814
14.354814
14.354814
14.354814
14.354814
14.354814
14.354814
14.354814
14.354814
14.354814
14.354814
14.354814
14.354814
14.354814
14.354814
14.354814
14.354814
14.354814
14.354814
14.354814
14.354814
14.354814
14.354814
14.354814
14.354814
14.354814
14.354814
14.354814
14.354814
14.354814
14.354814
14.354814
14.354814
14.354814
14.354814
14.354814
14.354814
14.354814
14.354814
14.354814
14.354814
14.354814
14.354814
14.354814
14.354814
14.354814
14.354814
14.354814
14.354814
14.354814
14.354814
14.354814
14.354814
14.354814
14.354814
14.354814
14.354814
14.354814
14.354814
14.354814
14.354814
14.354814
14.354814
14.354814
14.354814
14.354814
14.354814
14.354814
14.354814
14.354814
14.354814
14.354814
14.354814
14.354814
14.354814
14.354814
14.354814
14.354814
14.354814
14.354814
14.354814
14.354814
14.354814
14.354814
14.354814
14.354814
14.354814
14.354814
14.354814
14.354814
14.354814
14.354814
14.354814
14.354814
14.354814
14.354814
14.354814
14.354814
14.354814
14.354814
13.977659
13.977659
13.977659
13.977659
13.977659
13.977659
13.977659
13.977659
13.977659
13.977659
13.977659
13.977659
13.977659
13.977659
13.977659
13.977659
13.977659
13.977659
13.977659
13.977659
13.977659
13.977659
13.977659
13.977659
13.977659
13.977659
13.977659
13.977659
13.977659
13.977659
13.977659
13.977659
13.977659
13.977659
13.977659
13.977659
13.977659
13.977659
13.977659
13.977659
13.977659
13.977659
13.977659
13.977659
13.977659
13.977659
13.977659
13.977659
13.977659
13.977659
13.977659
13.977659
13.977659
13.977659
13.977659
13.977659
13.977659
13.977659
13.977659
13.977659
13.977659
13.977659
13.977659
13.977659
13.977659
13.977659
13.977659
13.977659
13.977659
13.977659
13.977659
13.977659
13.977659
13.977659
13.977659
13.977659
13.977659
13.977659
13.977659
13.977659
13.977659
13.977659
13.977659
13.977659
13.977659
13.977659
13.977659
13.977659
13.977659
13.977659
13.977659
13.977659
13.977659
13.977659
13.977659
13.977659
13.977659
13.977659
13.977659
13.977659
13.591628
13.591628
13.591628
13.591628
13.591628
13.591628
13.591628
13.591628
13.591628
13.591628
13.591628
13.591628
13.591628
13.591628
13.591628
13.591628
13.591628
13.591628
13.591628
13.591628
13.591628
13.591628
13.591628
13.591628
13.591628
13.591628
13.591628
13.591628
13.591628
13.591628
13.591628
13.591628
13.591628
13.591628
13.591628
13.591628
13.591628
13.591628
13.591628
13.591628
13.591628
13.591628
13.591628
13.591628
13.591628
13.591628
13.591628
13.591628
13.591628
13.591628
13.591628
13.591628
13.591628
13.591628
13.591628
13.591628
13.591628
13.591628
13.591628
13.591628
13.591628
13.591628
13.591628
13.591628
13.591628
13.591628
13.591628
13.591628
13.591628
13.591628
13.591628
13.591628
13.591628
13.591628
13.591628
13.591628
13.591628
13.591628
13.591628
13.591628
13.591628
13.591628
13.591628
13.591628
13.591628
13.591628
13.591628
13.591628
13.591628
13.591628
13.591628
13.591628
13.591628
13.591628
13.591628
13.591628
13.591628
13.591628
13.591628
13.591628
13.196514
13.196514
13.196514
13.196514
13.196514
13.196514
13.196514
13.196514
13.196514
13.196514
13.196514
13.196514
13.196514
13.196514
13.196514
13.196514
13.196514
13.196514
13.196514
13.196514
13.196514
13.196514
13.196514
13.196514
13.196514
13.196514
13.196514
13.196514
13.196514
13.196514
13.196514
13.196514
13.196514
13.196514
13.196514
13.196514
13.196514
13.196514
13.196514
13.196514
13.196514
13.196514
13.196514
13.196514
13.196514
13.196514
13.196514
13.196514
13.196514
13.196514
13.196514
13.196514
13.196514
13.196514
13.196514
13.196514
13.196514
13.196514
13.196514
13.196514
13.196514
13.196514
13.196514
13.196514
13.196514
13.196514
13.196514
13.196514
13.196514
13.196514
13.196514
13.196514
13.196514
13.196514
13.196514
13.196514
13.196514
13.196514
13.196514
13.196514
13.196514
13.196514
13.196514
13.196514
13.196514
13.196514
13.196514
13.196514
13.196514
13.196514
13.196514
13.196514
13.196514
13.196514
13.196514
13.196514
13.196514
13.196514
13.196514
13.196514
12.792102
12.792102
12.792102
12.792102
12.792102
12.792102
12.792102
12.792102
12.792102
12.792102
12.792102
12.792102
12.792102
12.792102
12.792102
12.792102
12.792102
12.792102
12.792102
12.792102
12.792102
12.792102
12.792102
12.792102
12.792102
12.792102
12.792102
12.792102
12.792102
12.792102
12.792102
12.792102
12.792102
12.792102
12.792102
12.792102
12.792102
12.792102
12.792102
12.792102
12.792102
12.792102
12.792102
12.792102
12.792102
12.792102
12.792102
12.792102
12.792102
12.792102
12.792102
12.792102
12.792102
12.792102
12.792102
12.792102
12.792102
12.792102
12.792102
12.792102
12.792102
12.792102
12.792102
12.792102
12.792102
12.792102
12.792102
12.792102
12.792102
12.792102
12.792102
12.792102
12.792102
12.792102
12.792102
12.792102
12.792102
12.792102
12.792102
12.792102
12.792102
12.792102
12.792102
12.792102
12.792102
12.792102
12.792102
12.792102
12.792102
12.792102
12.792102
12.792102
12.792102
12.792102
12.792102
12.792102
12.792102
12.792102
12.792102
12.792102
12.378174
12.378174
12.378174
12.378174
12.378174
12.378174
12.378174
12.378174
12.378174
12.378174
12.378174
12.378174
12.378174
12.378174
12.378174
12.378174
12.378174
12.378174
12.378174
12.378174
12.378174
12.378174
12.378174
12.378174
12.378174
12.378174
12.378174
12.378174
12.378174
12.378174
12.378174
12.378174
12.378174
12.378174
12.378174
12.378174
12.378174
12.378174
12.378174
12.378174
12.378174
12.378174
12.378174
12.378174
12.378174
12.378174
12.378174
12.378174
12.378174
12.378174
12.378174
12.378174
12.378174
12.378174
12.378174
12.378174
12.378174
12.378174
12.378174
12.378174
12.378174
12.378174
12.378174
12.378174
12.378174
12.378174
12.378174
12.378174
12.378174
12.378174
12.378174
12.378174
12.378174
12.378174
12.378174
12.378174
12.378174
12.378174
12.378174
12.378174
12.378174
12.378174
12.378174
12.378174
12.378174
12.378174
12.378174
12.378174
12.378174
12.378174
12.378174
12.378174
12.378174
12.378174
12.378174
12.378174
12.378174
12.378174
12.378174
12.378174
11.954506
11.954506
11.954506
11.954506
11.954506
11.954506
11.954506
11.954506
11.954506
11.954506
11.954506
11.954506
11.954506
11.954506
11.954506
11.954506
11.954506
11.954506
11.954506
11.954506
11.954506
11.954506
11.954506
11.954506
11.954506
11.954506
11.954506
11.954506
11.954506
11.954506
11.954506
11.954506
11.954506
11.954506
11.954506
11.954506
11.954506
11.954506
11.954506
11.954506
11.954506
11.954506
11.954506
11.954506
11.954506
11.954506
11.954506
11.954506
11.954506
11.954506
11.954506
11.954506
11.954506
11.954506
11.954506
11.954506
11.954506
11.954506
11.954506
11.954506
11.954506
11.954506
11.954506
11.954506
11.954506
11.954506
11.954506
11.954506
11.954506
11.954506
11.954506
11.954506
11.954506
11.954506
11.954506
11.954506
11.954506
11.954506
11.954506
11.954506
11.954506
11.954506
11.954506
11.954506
11.954506
11.954506
11.954506
11.954506
11.954506
11.954506
11.954506
11.954506
11.954506
11.954506
11.954506
11.954506
11.954506
11.954506
11.954506
11.954506
11.520869
11.520869
11.520869
11.520869
11.520869
11.520869
11.520869
11.520869
11.520869
11.520869
11.520869
11.520869
11.520869
11.520869
11.520869
11.520869
11.520869
11.520869
11.520869
11.520869
11.520869
11.520869
11.520869
11.520869
11.520869
11.520869
11.520869
11.520869
11.520869
11.520869
11.520869
11.520869
11.520869
11.520869
11.520869
11.520869
11.520869
11.520869
11.520869
11.520869
11.520869
11.520869
11.520869
11.520869
11.520869
11.520869
11.520869
11.520869
11.520869
11.520869
11.520869
11.520869
11.520869
11.520869
11.520869
11.520869
11.520869
11.520869
11.520869
11.520869
11.520869
11.520869
11.520869
11.520869
11.520869
11.520869
11.520869
11.520869
11.520869
11.520869
11.520869
11.520869
11.520869
11.520869
11.520869
11.520869
11.520869
11.520869
11.520869
11.520869
11.520869
11.520869
11.520869
11.520869
11.520869
11.520869
11.520869
11.520869
11.520869
11.520869
11.520869
11.520869
11.520869
11.520869
11.520869
11.520869
11.520869
11.520869
11.520869
11.520869
11.077028
11.077028
11.077028
11.077028
11.077028
11.077028
11.077028
11.077028
11.077028
11.077028
11.077028
11.077028
11.077028
11.077028
11.077028
11.077028
11.077028
11.077028
11.077028
11.077028
11.077028
11.077028
11.077028
11.077028
11.077028
11.077028
11.077028
11.077028
11.077028
11.077028
11.077028
11.077028
11.077028
11.077028
11.077028
11.077028
11.077028
11.077028
11.077028
11.077028
11.077028
11.077028
11.077028
11.077028
11.077028
11.077028
11.077028
11.077028
11.077028
11.077028
11.077028
11.077028
11.077028
11.077028
11.077028
11.077028
11.077028
11.077028
11.077028
11.077028
11.077028
11.077028
11.077028
11.077028
11.077028
11.077028
11.077028
11.077028
11.077028
11.077028
11.077028
11.077028
11.077028
11.077028
11.077028
11.077028
11.077028
11.077028
11.077028
11.077028
11.077028
11.077028
11.077028
11.077028
11.077028
11.077028
11.077028
11.077028
11.077028
11.077028
11.077028
11.077028
11.077028
11.077028
11.077028
11.077028
11.077028
11.077028
11.077028
11.077028
10.622742
10.622742
10.622742
10.622742
10.622742
10.622742
10.622742
10.622742
10.622742
10.622742
10.622742
10.622742
10.622742
10.622742
10.622742
10.622742
10.622742
10.622742
10.622742
10.622742
10.622742
10.622742
10.622742
10.622742
10.622742
10.622742
10.622742
10.622742
10.622742
10.622742
10.622742
10.622742
10.622742
10.622742
10.622742
10.622742
10.622742
10.622742
10.622742
10.622742
10.622742
10.622742
10.622742
10.622742
10.622742
10.622742
10.622742
10.622742
10.622742
10.622742
10.622742
10.622742
10.622742
10.622742
10.622742
10.622742
10.622742
10.622742
10.622742
10.622742
10.622742
10.622742
10.622742
10.622742
10.622742
10.622742
10.622742
10.622742
10.622742
10.622742
10.622742
10.622742
10.622742
10.622742
10.622742
10.622742
10.622742
10.622742
10.622742
10.622742
10.622742
10.622742
10.622742
10.622742
10.622742
10.622742
10.622742
10.622742
10.622742
10.622742
10.622742
10.622742
10.622742
10.622742
10.622742
10.622742
10.622742
10.622742
10.622742
10.622742
10.157767
10.157767
10.157767
10.157767
10.157767
10.157767
10.157767
10.157767
10.157767
10.157767
10.157767
10.157767
10.157767
10.157767
10.157767
10.157767
10.157767
10.157767
10.157767
10.157767
10.157767
10.157767
10.157767
10.157767
10.157767
10.157767
10.157767
10.157767
10.157767
10.157767
10.157767
10.157767
10.157767
10.157767
10.157767
10.157767
10.157767
10.157767
10.157767
10.157767
10.157767
10.157767
10.157767
10.157767
10.157767
10.157767
10.157767
10.157767
10.157767
10.157767
10.157767
10.157767
10.157767
10.157767
10.157767
10.157767
10.157767
10.157767
10.157767
10.157767
10.157767
10.157767
10.157767
10.157767
10.157767
10.157767
10.157767
10.157767
10.157767
10.157767
10.157767
10.157767
10.157767
10.157767
10.157767
10.157767
10.157767
10.157767
10.157767
10.157767
10.157767
10.157767
10.157767
10.157767
10.157767
10.157767
10.157767
10.157767
10.157767
10.157767
10.157767
10.157767
10.157767
10.157767
10.157767
10.157767
10.157767
10.157767
10.157767
10.157767
9.6818506
9.6818506
9.6818506
9.6818506
9.6818506
9.6818506
9.6818506
9.6818506
9.6818506
9.6818506
9.6818506
9.6818506
9.6818506
9.6818506
9.6818506
9.6818506
9.6818506
9.6818506
9.6818506
9.6818506
9.6818506
9.6818506
9.6818506
9.6818506
9.6818506
9.6818506
9.6818506
9.6818506
9.6818506
9.6818506
9.6818506
9.6818506
9.6818506
9.6818506
9.6818506
9.6818506
9.6818506
9.6818506
9.6818506
9.6818506
9.6818506
9.6818506
9.6818506
9.6818506
9.6818506
9.6818506
9.6818506
9.6818506
9.6818506
9.6818506
9.6818506
9.6818506
9.6818506
9.6818506
9.6818506
9.6818506
9.6818506
9.6818506
9.6818506
9.6818506
9.6818506
9.6818506
9.6818506
9.6818506
9.6818506
9.6818506
9.6818506
9.6818506
9.6818506
9.6818506
9.6818506
9.6818506
9.6818506
9.6818506
9.6818506
9.6818506
9.6818506
9.6818506
9.6818506
9.6818506
9.6818506
9.6818506
9.6818506
9.6818506
9.6818506
9.6818506
9.6818506
9.6818506
9.6818506
9.6818506
9.6818506
9.6818506
9.6818506
9.6818506
9.6818506
9.6818506
9.6818506
9.6818506
9.6818506
9.6818506
9.1947353
9.1947353
9.1947353
9.1947353
9.1947353
9.1947353
9.1947353
9.1947353
9.1947353
9.1947353
9.1947353
9.1947353
9.1947353
9.1947353
9.1947353
9.1947353
9.1947353
9.1947353
9.1947353
9.1947353
9.1947353
9.1947353
9.1947353
9.1947353
9.1947353
9.1947353
9.1947353
9.1947353
9.1947353
9.1947353
9.1947353
9.1947353
9.1947353
9.1947353
9.1947353
9.1947353
9.1947353
9.1947353
9.1947353
9.1947353
9.1947353
9.1947353
9.1947353
9.1947353
9.1947353
9.1947353
9.1947353
9.1947353
9.1947353
9.1947353
9.1947353
9.1947353
9.1947353
9.1947353
9.1947353
9.1947353
9.1947353
9.1947353
9.1947353
9.1947353
9.1947353
9.1947353
9.1947353
9.1947353
9.1947353
9.1947353
9.1947353
9.1947353
9.1947353
9.1947353
9.1947353
9.1947353
9.1947353
9.1947353
9.1947353
9.1947353
9.1947353
9.1947353
9.1947353
9.1947353
9.1947353
9.1947353
9.1947353
9.1947353
9.1947353
9.1947353
9.1947353
9.1947353
9.1947353
9.1947353
9.1947353
9.1947353
9.1947353
9.1947353
9.1947353
9.1947353
9.1947353
9.1947353
9.1947353
9.1947353
8.6961577
8.6961577
8.6961577
8.6961577
8.6961577
8.6961577
8.6961577
8.6961577
8.6961577
8.6961577
8.6961577
8.6961577
8.6961577
8.6961577
8.6961577
8.6961577
8.6961577
8.6961577
8.6961577
8.6961577
8.6961577
8.6961577
8.6961577
8.6961577
8.6961577
8.6961577
8.6961577
8.6961577
8.6961577
8.6961577
8.6961577
8.6961577
8.6961577
8.6961577
8.6961577
8.6961577
8.6961577
8.6961577
8.6961577
8.6961577
8.6961577
8.6961577
8.6961577
8.6961577
8.6961577
8.6961577
8.6961577
8.6961577
8.6961577
8.6961577
8.6961577
8.6961577
8.6961577
8.6961577
8.6961577
8.6961577
8.6961577
8.6961577
8.6961577
8.6961577
8.6961577
8.6961577
8.6961577
8.6961577
8.6961577
8.6961577
8.6961577
8.6961577
8.6961577
8.6961577
8.6961577
8.6961577
8.6961577
8.6961577
8.6961577
8.6961577
8.6961577
8.6961577
8.6961577
8.6961577
8.6961577
8.6961577
8.6961577
8.6961577
8.6961577
8.6961577
8.6961577
8.6961577
8.6961577
8.6961577
8.6961577
8.6961577
8.6961577
8.6961577
8.6961577
8.6961577
8.6961577
8.6961577
8.6961577
8.6961577
8.185848
8.185848
8.185848
8.185848
8.185848
8.185848
8.185848
8.185848
8.185848
8.185848
8.185848
8.185848
8.185848
8.185848
8.185848
8.185848
8.185848
8.185848
8.185848
8.185848
8.185848
8.185848
8.185848
8.185848
8.185848
8.185848
8.185848
8.185848
8.185848
8.185848
8.185848
8.185848
8.185848
8.185848
8.185848
8.185848
8.185848
8.185848
8.185848
8.185848
8.185848
8.185848
8.185848
8.185848
8.185848
8.185848
8.185848
8.185848
8.185848
8.185848
8.185848
8.185848
8.185848
8.185848
8.185848
8.185848
8.185848
8.185848
8.185848
8.185848
8.185848
8.185848
8.185848
8.185848
8.185848
8.185848
8.185848
8.185848
8.185848
8.185848
8.185848
8.185848
8.185848
8.185848
8.185848
8.185848
8.185848
8.185848
8.185848
8.185848
8.185848
8.185848
8.185848
8.185848
8.185848
8.185848
8.185848
8.185848
8.185848
8.185848
8.185848
8.185848
8.185848
8.185848
8.185848
8.185848
8.185848
8.185848
8.185848
8.185848
7.6635302
7.6635302
7.6635302
7.6635302
7.6635302
7.6635302
7.6635302
7.6635302
7.6635302
7.6635302
7.6635302
7.6635302
7.6635302
7.6635302
7.6635302
7.6635302
7.6635302
7.6635302
7.6635302
7.6635302
7.6635302
7.6635302
7.6635302
7.6635302
7.6635302
7.6635302
7.6635302
7.6635302
7.6635302
7.6635302
7.6635302
7.6635302
7.6635302
7.6635302
7.6635302
7.6635302
7.6635302
7.6635302
7.6635302
7.6635302
7.6635302
7.6635302
7.6635302
7.6635302
7.6635302
7.6635302
7.6635302
7.6635302
7.6635302
7.6635302
7.6635302
7.6635302
7.6635302
7.6635302
7.6635302
7.6635302
7.6635302
7.6635302
7.6635302
7.6635302
7.6635302
7.6635302
7.6635302
7.6635302
7.6635302
7.6635302
7.6635302
7.6635302
7.6635302
7.6635302
7.6635302
7.6635302
7.6635302
7.6635302
7.6635302
7.6635302
7.6635302
7.6635302
7.6635302
7.6635302
7.6635302
7.6635302
7.6635302
7.6635302
7.6635302
7.6635302
7.6635302
7.6635302
7.6635302
7.6635302
7.6635302
7.6635302
7.6635302
7.6635302
7.6635302
7.6635302
7.6635302
7.6635302
7.6635302
7.6635302
7.1289218
7.1289218
7.1289218
7.1289218
7.1289218
7.1289218
7.1289218
7.1289218
7.1289218
7.1289218
7.1289218
7.1289218
7.1289218
7.1289218
7.1289218
7.1289218
7.1289218
7.1289218
7.1289218
7.1289218
7.1289218
7.1289218
7.1289218
7.1289218
7.1289218
7.1289218
7.1289218
7.1289218
7.1289218
7.1289218
7.1289218
7.1289218
7.1289218
7.1289218
7.1289218
7.1289218
7.1289218
7.1289218
7.1289218
7.1289218
7.1289218
7.1289218
7.1289218
7.1289218
7.1289218
7.1289218
7.1289218
7.1289218
7.1289218
7.1289218
7.1289218
7.1289218
7.1289218
7.1289218
7.1289218
7.1289218
7.1289218
7.1289218
7.1289218
7.1289218
7.1289218
7.1289218
7.1289218
7.1289218
7.1289218
7.1289218
7.1289218
7.1289218
7.1289218
7.1289218
7.1289218
7.1289218
7.1289218
7.1289218
7.1289218
7.1289218
7.1289218
7.1289218
7.1289218
7.1289218
7.1289218
7.1289218
7.1289218
7.1289218
7.1289218
7.1289218
7.1289218
7.1289218
7.1289218
7.1289218
7.1289218
7.1289218
7.1289218
7.1289218
7.1289218
7.1289218
7.1289218
7.1289218
7.1289218
7.1289218
6.5817334
6.5817334
6.5817334
6.5817334
6.5817334
6.5817334
6.5817334
6.5817334
6.5817334
6.5817334
6.5817334
6.5817334
6.5817334
6.5817334
6.5817334
6.5817334
6.5817334
6.5817334
6.5817334
6.5817334
6.5817334
6.5817334
6.5817334
6.5817334
6.5817334
6.5817334
6.5817334
6.5817334
6.5817334
6.5817334
6.5817334
6.5817334
6.5817334
6.5817334
6.5817334
6.5817334
6.5817334
6.5817334
6.5817334
6.5817334
6.5817334
6.5817334
6.5817334
6.5817334
6.5817334
6.5817334
6.5817334
6.5817334
6.5817334
6.5817334
6.5817334
6.5817334
6.5817334
6.5817334
6.5817334
6.5817334
6.5817334
6.5817334
6.5817334
6.5817334
6.5817334
6.5817334
6.5817334
6.5817334
6.5817334
6.5817334
6.5817334
6.5817334
6.5817334
6.5817334
6.5817334
6.5817334
6.5817334
6.5817334
6.5817334
6.5817334
6.5817334
6.5817334
6.5817334
6.5817334
6.5817334
6.5817334
6.5817334
6.5817334
6.5817334
6.5817334
6.5817334
6.5817334
6.5817334
6.5817334
6.5817334
6.5817334
6.5817334
6.5817334
6.5817334
6.5817334
6.5817334
6.5817334
6.5817334
6.5817334
6.0216692
6.0216692
6.0216692
6.0216692
6.0216692
6.0216692
6.0216692
6.0216692
6.0216692
6.0216692
6.0216692
6.0216692
6.0216692
6.0216692
6.0216692
6.0216692
6.0216692
6.0216692
6.0216692
6.0216692
6.0216692
6.0216692
6.0216692
6.0216692
6.0216692
6.0216692
6.0216692
6.0216692
6.0216692
6.0216692
6.0216692
6.0216692
6.0216692
6.0216692
6.0216692
6.0216692
6.0216692
6.0216692
6.0216692
6.0216692
6.0216692
6.0216692
6.0216692
6.0216692
6.0216692
6.0216692
6.0216692
6.0216692
6.0216692
6.0216692
6.0216692
6.0216692
6.0216692
6.0216692
6.0216692
6.0216692
6.0216692
6.0216692
6.0216692
6.0216692
6.0216692
6.0216692
6.0216692
6.0216692
6.0216692
6.0216692
6.0216692
6.0216692
6.0216692
6.0216692
6.0216692
6.0216692
6.0216692
6.0216692
6.0216692
6.0216692
6.0216692
6.0216692
6.0216692
6.0216692
6.0216692
6.0216692
6.0216692
6.0216692
6.0216692
6.0216692
6.0216692
6.0216692
6.0216692
6.0216692
6.0216692
6.0216692
6.0216692
6.0216692
6.0216692
6.0216692
6.0216692
6.0216692
6.0216692
6.0216692
5.4484261
5.4484261
5.4484261
5.4484261
5.4484261
5.4484261
5.4484261
5.4484261
5.4484261
5.4484261
5.4484261
5.4484261
5.4484261
5.4484261
5.4484261
5.4484261
5.4484261
5.4484261
5.4484261
5.4484261
5.4484261
5.4484261
5.4484261
5.4484261
5.4484261
5.4484261
5.4484261
5.4484261
5.4484261
5.4484261
5.4484261
5.4484261
5.4484261
5.4484261
5.4484261
5.4484261
5.4484261
5.4484261
5.4484261
5.4484261
5.4484261
5.4484261
5.4484261
5.4484261
5.4484261
5.4484261
5.4484261
5.4484261
5.4484261
5.4484261
5.4484261
5.4484261
5.4484261
5.4484261
5.4484261
5.4484261
5.4484261
5.4484261
5.4484261
5.4484261
5.4484261
5.4484261
5.4484261
5.4484261
5.4484261
5.4484261
5.4484261
5.4484261
5.4484261
5.4484261
5.4484261
5.4484261
5.4484261
5.4484261
5.4484261
5.4484261
5.4484261
5.4484261
5.4484261
5.4484261
5.4484261
5.4484261
5.4484261
5.4484261
5.4484261
5.4484261
5.4484261
5.4484261
5.4484261
5.4484261
5.4484261
5.4484261
5.4484261
5.4484261
5.4484261
5.4484261
5.4484261
5.4484261
5.4484261
5.4484261
4.861694
4.861694
4.861694
4.861694
4.861694
4.861694
4.861694
4.861694
4.861694
4.861694
4.861694
4.861694
4.861694
4.861694
4.861694
4.861694
4.861694
4.861694
4.861694
4.861694
4.861694
4.861694
4.861694
4.861694
4.861694
4.861694
4.861694
4.861694
4.861694
4.861694
4.861694
4.861694
4.861694
4.861694
4.861694
4.861694
4.861694
4.861694
4.861694
4.861694
4.861694
4.861694
4.861694
4.861694
4.861694
4.861694
4.861694
4.861694
4.861694
4.861694
4.861694
4.861694
4.861694
4.861694
4.861694
4.861694
4.861694
4.861694
4.861694
4.861694
4.861694
4.861694
4.861694
4.861694
4.861694
4.861694
4.861694
4.861694
4.861694
4.861694
4.861694
4.861694
4.861694
4.861694
4.861694
4.861694
4.861694
4.861694
4.861694
4.861694
4.861694
4.861694
4.861694
4.861694
4.861694
4.861694
4.861694
4.861694
4.861694
4.861694
4.861694
4.861694
4.861694
4.861694
4.861694
4.861694
4.861694
4.861694
4.861694
4.861694
4.2611555
4.2611555
4.2611555
4.2611555
4.2611555
4.2611555
4.2611555
4.2611555
4.2611555
4.2611555
4.2611555
4.2611555
4.2611555
4.2611555
4.2611555
4.2611555
4.2611555
4.2611555
4.2611555
4.2611555
4.2611555
4.2611555
4.2611555
4.2611555
4.2611555
4.2611555
4.2611555
4.2611555
4.2611555
4.2611555
4.2611555
4.2611555
4.2611555
4.2611555
4.2611555
4.2611555
4.2611555
4.2611555
4.2611555
4.2611555
4.2611555
4.2611555
4.2611555
4.2611555
4.2611555
4.2611555
4.2611555
4.2611555
4.2611555
4.2611555
4.2611555
4.2611555
4.2611555
4.2611555
4.2611555
4.2611555
4.2611555
4.2611555
4.2611555
4.2611555
4.2611555
4.2611555
4.2611555
4.2611555
4.2611555
4.2611555
4.2611555
4.2611555
4.2611555
4.2611555
4.2611555
4.2611555
4.2611555
4.2611555
4.2611555
4.2611555
4.2611555
4.2611555
4.2611555
4.2611555
4.2611555
4.2611555
4.2611555
4.2611555
4.2611555
4.2611555
4.2611555
4.2611555
4.2611555
4.2611555
4.2611555
4.2611555
4.2611555
4.2611555
4.2611555
4.2611555
4.2611555
4.2611555
4.2611555
4.2611555
3.6464857
3.6464857
3.6464857
3.6464857
3.6464857
3.6464857
3.6464857
3.6464857
3.6464857
3.6464857
3.6464857
3.6464857
3.6464857
3.6464857
3.6464857
3.6464857
3.6464857
3.6464857
3.6464857
3.6464857
3.6464857
3.6464857
3.6464857
3.6464857
3.6464857
3.6464857
3.6464857
3.6464857
3.6464857
3.6464857
3.6464857
3.6464857
3.6464857
3.6464857
3.6464857
3.6464857
3.6464857
3.6464857
3.6464857
3.6464857
3.6464857
3.6464857
3.6464857
3.6464857
3.6464857
3.6464857
3.6464857
3.6464857
3.6464857
3.6464857
3.6464857
3.6464857
3.6464857
3.6464857
3.6464857
3.6464857
3.6464857
3.6464857
3.6464857
3.6464857
3.6464857
3.6464857
3.6464857
3.6464857
3.6464857
3.6464857
3.6464857
3.6464857
3.6464857
3.6464857
3.6464857
3.6464857
3.6464857
3.6464857
3.6464857
3.6464857
3.6464857
3.6464857
3.6464857
3.6464857
3.6464857
3.6464857
3.6464857
3.6464857
3.6464857
3.6464857
3.6464857
3.6464857
3.6464857
3.6464857
3.6464857
3.6464857
3.6464857
3.6464857
3.6464857
3.6464857
3.6464857
3.6464857
3.6464857
3.6464857
3.0173521
3.0173521
3.0173521
3.0173521
3.0173521
3.0173521
3.0173521
3.0173521
3.0173521
3.0173521
3.0173521
3.0173521
3.0173521
3.0173521
3.0173521
3.0173521
3.0173521
3.0173521
3.0173521
3.0173521
3.0173521
3.0173521
3.0173521
3.0173521
3.0173521
3.0173521
3.0173521
3.0173521
3.0173521
3.0173521
3.0173521
3.0173521
3.0173521
3.0173521
3.0173521
3.0173521
3.0173521
3.0173521
3.0173521
3.0173521
3.0173521
3.0173521
3.0173521
3.0173521
3.0173521
3.0173521
3.0173521
3.0173521
3.0173521
3.0173521
3.0173521
3.0173521
3.0173521
3.0173521
3.0173521
3.0173521
3.0173521
3.0173521
3.0173521
3.0173521
3.0173521
3.0173521
3.0173521
3.0173521
3.0173521
3.0173521
3.0173521
3.0173521
3.0173521
3.0173521
3.0173521
3.0173521
3.0173521
3.0173521
3.0173521
3.0173521
3.0173521
3.0173521
3.0173521
3.0173521
3.0173521
3.0173521
3.0173521
3.0173521
3.0173521
3.0173521
3.0173521
3.0173521
3.0173521
3.0173521
3.0173521
3.0173521
3.0173521
3.0173521
3.0173521
3.0173521
3.0173521
3.0173521
3.0173521
3.0173521
2.3734143
2.3734143
2.3734143
2.3734143
2.3734143
2.3734143
2.3734143
2.3734143
2.3734143
2.3734143
2.3734143
2.3734143
2.3734143
2.3734143
2.3734143
2.3734143
2.3734143
2.3734143
2.3734143
2.3734143
2.3734143
2.3734143
2.3734143
2.3734143
2.3734143
2.3734143
2.3734143
2.3734143
2.3734143
2.3734143
2.3734143
2.3734143
2.3734143
2.3734143
2.3734143
2.3734143
2.3734143
2.3734143
2.3734143
2.3734143
2.3734143
2.3734143
2.3734143
2.3734143
2.3734143
2.3734143
2.3734143
2.3734143
2.3734143
2.3734143
2.3734143
2.3734143
2.3734143
2.3734143
2.3734143
2.3734143
2.3734143
2.3734143
2.3734143
2.3734143
2.3734143
2.3734143
2.3734143
2.3734143
2.3734143
2.3734143
2.3734143
2.3734143
2.3734143
2.3734143
2.3734143
2.3734143
2.3734143
2.3734143
2.3734143
2.3734143
2.3734143
2.3734143
2.3734143
2.3734143
2.3734143
2.3734143
2.3734143
2.3734143
2.3734143
2.3734143
2.3734143
2.3734143
2.3734143
2.3734143
2.3734143
2.3734143
2.3734143
2.3734143
2.3734143
2.3734143
2.3734143
2.3734143
2.3734143
2.3734143
1.714324
1.714324
1.714324
1.714324
1.714324
1.714324
1.714324
1.714324
1.714324
1.714324
1.714324
1.714324
1.714324
1.714324
1.714324
1.714324
1.714324
1.714324
1.714324
1.714324
1.714324
1.714324
1.714324
1.714324
1.714324
1.714324
1.714324
1.714324
1.714324
1.714324
1.714324
1.714324
1.714324
1.714324
1.714324
1.714324
1.714324
1.714324
1.714324
1.714324
1.714324
1.714324
1.714324
1.714324
1.714324
1.714324
1.714324
1.714324
1.714324
1.714324
1.714324
1.714324
1.714324
1.714324
1.714324
1.714324
1.714324
1.714324
1.714324
1.714324
1.714324
1.714324
1.714324
1.714324
1.714324
1.714324
1.714324
1.714324
1.714324
1.714324
1.714324
1.714324
1.714324
1.714324
1.714324
1.714324
1.714324
1.714324
1.714324
1.714324
1.714324
1.714324
1.714324
1.714324
1.714324
1.714324
1.714324
1.714324
1.714324
1.714324
1.714324
1.714324
1.714324
1.714324
1.714324
1.714324
1.714324
1.714324
1.714324
1.714324
1.0397247
1.0397247
1.0397247
1.0397247
1.0397247
1.0397247
1.0397247
1.0397247
1.0397247
1.0397247
1.0397247
1.0397247
1.0397247
1.0397247
1.0397247
1.0397247
1.0397247
1.0397247
1.0397247
1.0397247
1.0397247
1.0397247
1.0397247
1.0397247
1.0397247
1.0397247
1.0397247
1.0397247
1.0397247
1.0397247
1.0397247
1.0397247
1.0397247
1.0397247
1.0397247
1.0397247
1.0397247
1.0397247
1.0397247
1.0397247
1.0397247
1.0397247
1.0397247
1.0397247
1.0397247
1.0397247
1.0397247
1.0397247
1.0397247
1.0397247
1.0397247
1.0397247
1.0397247
1.0397247
1.0397247
1.0397247
1.0397247
1.0397247
1.0397247
1.0397247
1.0397247
1.0397247
1.0397247
1.0397247
1.0397247
1.0397247
1.0397247
1.0397247
1.0397247
1.0397247
1.0397247
1.0397247
1.0397247
1.0397247
1.0397247
1.0397247
1.0397247
1.0397247
1.0397247
1.0397247
1.0397247
1.0397247
1.0397247
1.0397247
1.0397247
1.0397247
1.0397247
1.0397247
1.0397247
1.0397247
1.0397247
1.0397247
1.0397247
1.0397247
1.0397247
1.0397247
1.0397247
1.0397247
1.0397247
1.0397247
0.34925133
0.34925133
0.34925133
0.34925133
0.34925133
0.34925133
0.34925133
0.34925133
0.34925133
0.34925133
0.34925133
0.34925133
0.34925133
0.34925133
0.34925133
0.34925133
0.34925133
0.34925133
0.34925133
0.34925133
0.34925133
0.34925133
0.34925133
0.34925133
0.34925133
0.34925133
0.34925133
0.34925133
0.34925133
0.34925133
0.34925133
0.34925133
0.34925133
0.34925133
0.34925133
0.34925133
0.34925133
0.34925133
0.34925133
0.34925133
0.34925133
0.34925133
0.34925133
0.34925133
0.34925133
0.34925133
0.34925133
0.34925133
0.34925133
0.34925133
0.34925133
0.34925133
0.34925133
0.34925133
0.34925133
0.34925133
0.34925133
0.34925133
0.34925133
0.34925133
0.34925133
0.34925133
0.34925133
0.34925133
0.34925133
0.34925133
0.34925133
0.34925133
0.34925133
0.34925133
0.34925133
0.34925133
0.34925133
0.34925133
0.34925133
0.34925133
0.34925133
0.34925133
0.34925133
0.34925133
0.34925133
0.34925133
0.34925133
0.34925133
0.34925133
0.34925133
0.34925133
0.34925133
0.34925133
0.34925133
0.34925133
0.34925133
0.34925133
0.34925133
0.34925133
0.34925133
0.34925133
0.34925133
0.34925133
0.34925133
)
;

boundaryField
{
    inlet
    {
        type            zeroGradient;
    }
    outlet
    {
        type            fixedValue;
        value           uniform 0;
    }
    walls
    {
        type            zeroGradient;
    }
}


// ************************************************************************* //
